hex
0
0
0
4000
0
8000
0
0
0
0
3f800000
c60000
0
0
0
0
0
0
0
0
0
0
0
4000
0
0
3f800000
c60000
3f800000
0
0
0
0
0
0
0
0
0
0
0
0
0
0
4000
0
0
3f800000
c60000
3f800000
0
0
0
0
0
0
0
0
0
0
0
0
0
3f800000
c60000
0
0
0
0
0
0
0
0
0
0
0
0
0
0
0
0
0
0
0
4000
0
8000
0
c000
0
10000
bf800000
c50000
0
0
0
0
0
0
0
0
0
0
0
0
3f800000
4000
0
0
3f800000
c60000
3f800000
0
0
0
0
0
0
0
0
0
bf7fffc0
83000000
b969417f
89004000
0
8000
b67d9fa8
72c50000
3969417f
93c60000
bd0b2d38
be000000
3f7fffc0
83004000
3d0b2d38
c4c50000
367d9fa8
72c60000
0
0
0
0
0
4000
3f800000
4000
3f800000
c60000
0
0
0
0
0
0
0
0
0
0
0
0
0
0
0
0
0
0
0
0
0
0
0
0
0
0
0
0
0
0
0
0
0
0
0
0
0
0
0
0
0
0
