hex
3f800000
0
0
0
0
0
0
0
0
0
0
0
0
0
0
0
0
0
0
0
0
0
0
0
0
0
0
0
0
0
0
0
0
0
0
0
0
0
0
0
0
0
0
0
0
0
0
0
0
0
0
0
0
0
0
0
0
0
0
0
0
0
0
0
0
0
0
0
0
0
0
0
0
0
0
0
0
0
0
0
0
0
3f800000
c60000
3f800000
0
0
0
0
0
0
0
0
0
0
0
0
0
0
0
bf7fffff
eb004000
bd0b2d44
42c50000
3f7fffff
eb000000
b9694192
d5c60000
0
0
0
0
0
0
0
0
0
0
0
0
3d0b2d38
be000000
bf7fffc0
83004000
bd0b2d38
c4c50000
b67d9fa8
72c60000
3f7fffc0
83000000
3969417f
89004000
367d9fa8
72c50000
b969417f
93c60000
0
0
0
0
0
0
0
0
0
0
0
0
0
0
0
0
0
0
0
0
0
0
0
0
0
0
0
0
0
0
0
0
0
0
0
0
0
0
0
0
0
0
0
0
0
0
0
0
0
0
0
0
0
0
