hex
3f7fffff
eb000000
0
4000
0
8000
0
c000
0
10000
0
14000
0
18000
b9694192
d5c60000
3f7fffff
eb000000
b9694192
d5c60000
3f7fffff
eb000000
0
4000
0
8000
0
c000
0
10000
0
14000
b9694192
d5c60000
0
0
0
4000
0
0
bf7fffff
eb000000
0
4000
0
8000
0
c000
0
10000
0
14000
39694192
d5c60000
0
0
0
4000
0
0
0
0
0
4000
0
8000
0
c000
0
10000
0
14000
0
18000
0
1c000
0
0
0
0
bf7fffff
eb000000
0
4000
0
8000
0
c000
0
10000
0
14000
0
18000
3f800000
c50000
39694192
d5c60000
0
0
3f7fffff
eb000000
0
4000
0
8000
0
c000
0
10000
0
14000
0
18000
b9694192
d5c60000
3f7fffff
eb004000
3d0b2d44
42c50000
0
0
3f800000
4000
3f800000
c60000
3f800000
0
0
4000
0
8000
0
c000
0
0
0
0
0
0
0
0
bf7fffff
eb004000
0
8000
0
c000
0
10000
0
14000
bd0b2d44
42c50000
0
0
0
4000
0
0
0
0
0
0
0
0
0
0
0
0
0
0
0
0
0
0
0
0
0
0
0
0
0
0
0
0
0
0
0
0
