hex
0
0
0
4000
0
8000
0
c000
0
10000
0
14000
0
18000
0
1c000
0
20000
0
24000
0
28000
0
2c000
0
30000
0
34000
3f800000
a00000
ba5e47e9
1e008000
0
0
0
4000
bb1c19f6
4d004000
0
0
0
4000
b45aea28
78000000
0
0
0
0
3f4ac083
12008000
0
0
0
4000
0
8000
0
0
0
4000
3f4ac083
12008000
0
c000
0
10000
0
14000
0
18000
0
1c000
0
20000
0
24000
0
28000
3ec147ae
14004000
3fb8df01
23000000
0
0
3f800000
c40000
3f800000
8000
3f800000
4000
3f800000
0
3f800000
a00000
0
0
0
0
3a5e47e9
1e008000
0
0
bb1c19f6
4d004000
0
8000
0
c000
0
10000
0
14000
0
18000
0
1c000
0
20000
0
24000
0
28000
0
2c000
0
30000
0
34000
0
38000
0
0
0
4000
0
8000
0
c000
0
10000
b45aea28
78000000
0
0
0
0
0
0
3f4ac083
12008000
0
0
0
4000
0
8000
0
0
0
4000
3f4ac083
12008000
0
c000
0
10000
0
14000
0
18000
0
1c000
0
20000
0
24000
0
28000
3ec147ae
14004000
3fb8df01
23000000
0
0
3f800000
c40000
3f800000
8000
3f800000
4000
3f800000
0
3f800000
a00000
0
0
0
0
3a5e47e9
1e008000
0
0
b313cc33
48004000
0
8000
0
c000
3f7ffff8
45010000
0
14000
0
18000
0
1c000
0
20000
0
24000
0
28000
0
2c000
0
30000
0
34000
0
38000
0
3c000
b313cc33
48004000
3f7ffff8
45010000
b2e853f4
dc000000
0
4000
3f7ffffb
7900c000
3f800000
a00000
ba5e47e9
1e008000
0
0
0
0
0
0
0
4000
0
8000
0
c000
0
10000
0
14000
0
18000
0
1c000
0
20000
0
24000
0
28000
0
2c000
0
30000
0
34000
3f800000
a00000
0
0
ba5e47e9
1e008000
0
0
0
4000
0
0
0
4000
b45aea28
78000000
b45aea28
78000000
0
0
0
0
0
0
bb1c19f6
4d004000
0
8000
0
c000
0
10000
0
14000
0
18000
0
1c000
0
20000
0
24000
0
28000
0
2c000
0
30000
0
34000
0
38000
0
0
0
4000
0
8000
0
c000
0
10000
0
0
b45aea28
78000000
0
0
0
0
3f4ac083
12008000
0
0
0
4000
0
8000
0
c000
0
10000
0
14000
0
18000
0
1c000
0
20000
0
24000
0
28000
0
2c000
0
30000
0
34000
3f800000
a00000
0
0
ba5e47e9
1e008000
0
0
0
4000
0
0
bb1c19f6
4d004000
0
0
0
0
0
0
bb1c19f6
4d004000
b415fd1b
d6000000
ba50226e
c004000
0
8000
0
c000
bed6b2b0
3c010000
0
14000
0
18000
0
1c000
0
20000
0
24000
0
28000
0
2c000
0
30000
0
34000
0
38000
b21ae2f6
a7000000
32c5100f
34004000
bf7ffff9
57010000
0
0
0
4000
3f800000
a00000
0
0
ba5e47e9
1e008000
0
0
0
0
0
0
0
4000
0
8000
0
0
0
4000
3f4ac083
12008000
0
c000
0
10000
0
14000
0
18000
0
1c000
0
20000
0
24000
0
28000
3ec147ae
14004000
3fb8df01
23000000
0
0
3f800000
c40000
3f800000
8000
3f800000
4000
3f800000
0
3f800000
a00000
0
0
0
0
3b1c19f6
4d004000
0
0
0
4000
b417afce
b3008000
0
c000
0
10000
3f7fffed
cf014000
0
18000
0
1c000
0
20000
0
24000
0
28000
0
2c000
0
30000
0
34000
0
38000
0
3c000
3446ceb8
b0000000
3f313f6b
5800c000
b2e853f4
dc000000
0
4000
3f7ffffb
7900c000
3f800000
a00000
0
0
bb1c19f6
4d004000
0
0
0
0
0
4000
0
8000
0
c000
0
10000
0
14000
0
18000
0
1c000
0
20000
0
24000
0
28000
0
2c000
0
30000
0
34000
3f800000
a00000
0
0
0
4000
b45aea28
78000000
0
4000
0
0
bb1c19f6
4d004000
0
0
b45aea28
78000000
0
0
0
0
0
0
0
4000
b417afce
b3008000
0
c000
0
10000
3f7fffed
cf014000
0
18000
0
1c000
0
20000
0
24000
0
28000
0
2c000
0
30000
0
34000
0
38000
0
3c000
b313cc33
48004000
3f7ffff8
45010000
0
0
b313cc33
48004000
3f7ffff8
45010000
3f800000
a00000
0
0
0
0
b45aea28
78000000
ab7dc39a
d0000000
aba16ff4
a1004000
2d25aee1
e8008000
380bcf62
6d00c000
380bd003
ad010000
b88bcf84
c9014000
0
18000
0
1c000
0
20000
0
24000
0
28000
0
2c000
0
30000
0
34000
0
38000
0
3c000
0
40000
3446ceb8
b0000000
3f313f6b
5800c000
0
0
0
4000
b417afce
b3008000
3f7fffed
cf014000
b417afce
b3008000
3f7fffed
cf014000
0
0
3b1c1874
6e004000
0
8000
0
c000
402921ee
14010000
0
14000
0
18000
0
1c000
0
20000
0
24000
0
28000
0
2c000
0
30000
0
34000
0
38000
0
3c000
0
40000
3a5e3c03
22008000
3fa17a9e
1d014000
0
0
3f800000
a00000
0
0
0
4000
b45aea28
78000000
0
0
0
0
0
4000
0
8000
0
c000
0
10000
0
14000
0
18000
0
1c000
0
20000
0
24000
0
28000
0
2c000
0
30000
0
34000
3f800000
a00000
0
0
0
4000
0
0
bb1c19f6
4d004000
0
0
bb1c19f6
4d004000
0
0
0
0
b45aea28
78000000
0
0
b2e853f4
dc000000
0
4000
0
8000
3f7ffffb
7900c000
0
10000
0
14000
0
18000
0
1c000
0
20000
0
24000
0
28000
0
2c000
0
30000
0
34000
0
38000
0
3c000
0
40000
3a5e3c03
22008000
3fa17a9e
1d014000
0
0
3f800000
a00000
0
0
0
4000
bb1c19f6
4d004000
bb1c19f6
4d004000
b21ae2f6
a7000000
32c5100f
34004000
0
8000
0
c000
bf7ffff9
57010000
0
14000
0
18000
0
1c000
0
20000
0
24000
0
28000
0
2c000
0
30000
34543654
ee000000
32883b29
c7004000
bf313f69
ff010000
b415fd15
7e000000
ba50226e
d004000
bed6b160
b1010000
32cc5817
43000000
3b1c18f5
e004000
0
8000
0
c000
402921ee
a1010000
0
14000
0
0
0
4000
0
8000
0
c000
0
10000
0
14000
0
18000
0
1c000
0
20000
0
24000
0
28000
0
2c000
0
30000
0
34000
0
38000
0
0
bb1c19f6
4d004000
0
8000
0
c000
0
10000
0
0
b45aea28
78000000
0
0
0
0
3f4ac083
12008000
0
0
0
4000
0
8000
0
c000
0
10000
0
14000
0
18000
0
1c000
0
20000
0
24000
0
28000
0
2c000
0
30000
0
34000
3f800000
a00000
0
0
ba5e47e9
1e008000
0
0
0
4000
0
0
0
4000
bb1c19f6
4d004000
0
0
0
0
ba5e47e9
1e008000
b39ce8bf
8c000000
0
4000
ba1ce57a
30008000
0
c000
0
10000
bf2fd773
bb014000
0
18000
0
1c000
0
20000
0
24000
0
28000
0
2c000
0
30000
0
34000
0
38000
b2a3feed
c5000000
333274bc
80008000
bf7ffff7
74014000
0
0
0
4000
3f800000
a00000
0
0
0
4000
bb1c19f6
4d004000
0
0
0
0
0
4000
0
8000
0
c000
0
10000
0
14000
0
18000
0
1c000
0
20000
0
24000
0
28000
0
2c000
0
30000
0
34000
3f800000
a00000
0
0
ba5e47e9
1e008000
0
0
0
4000
0
0
0
4000
0
0
ba5e47e9
1e008000
b45aea28
78000000
0
0
3446ceb8
b0000000
0
4000
0
8000
3f313f6b
5800c000
0
10000
0
14000
0
18000
0
1c000
0
20000
0
24000
0
28000
0
2c000
0
30000
0
34000
0
38000
0
3c000
0
40000
3b1c1874
6e004000
402921ee
14010000
0
0
3f800000
a00000
0
0
ba5e47e9
1e008000
0
0
0
0
b2a3feed
c5000000
0
4000
333274bc
80008000
0
c000
0
10000
bf7ffff7
74014000
0
18000
0
1c000
0
20000
0
24000
0
28000
0
2c000
0
30000
b39ce889
cf000000
ba1ce57a
34008000
bf2fd624
2f014000
32cebdac
c5000000
3a5e4469
3c008000
3fa17aa3
2f014000
32a3feed
c5000000
0
4000
b33274bc
80008000
0
c000
0
10000
3f7ffff7
74014000
0
0
b2f4a137
40004000
32d13a03
a3008000
0
c000
0
10000
bf7ffff6
77014000
0
18000
0
1c000
0
20000
0
24000
0
28000
0
2c000
0
30000
0
34000
0
38000
b2f4a137
40004000
32d13a03
a3008000
bf7ffff6
77014000
0
0
0
4000
3f800000
a00000
0
0
0
4000
0
0
b45aea28
78000000
0
0
3b1c18b6
f6004000
33891a9e
13008000
0
c000
0
10000
c02921ed
1b014000
0
18000
0
1c000
0
20000
0
24000
0
28000
0
2c000
0
30000
b9d75316
8f004000
ba37f3c5
95008000
bf16a0fb
5b014000
33190ca0
a6004000
3a5e45db
f1008000
3fa17aa2
b4014000
0
0
32f4a137
40004000
b2d13a03
a3008000
0
c000
0
10000
3f7ffff6
77014000
3f800000
a00000
0
0
0
0
0
0
0
0
0
4000
0
8000
0
c000
3f4ac083
12008000
0
0
3ec147ae
14004000
0
8000
0
c000
3fb8df01
23000000
0
0
0
4000
0
8000
3f800000
c40000
3f800000
8000
0
0
3f800000
4000
0
8000
0
c000
3f800000
0
3f800000
a00000
0
0
0
4000
b417afce
b3008000
0
c000
0
10000
3f7fffed
cf014000
0
18000
0
1c000
0
20000
0
24000
0
28000
0
2c000
0
30000
0
34000
0
38000
0
3c000
b313cc33
48004000
3f7ffff8
45010000
b313cc33
48004000
3f7ffff8
45010000
b2e853f4
dc000000
3f7ffffb
7900c000
0
0
3f800000
a00000
0
0
0
0
0
4000
ba5e47e9
1e008000
0
c000
0
10000
0
14000
0
18000
0
1c000
0
20000
0
24000
0
28000
0
2c000
0
30000
0
34000
0
38000
0
3c000
0
0
0
4000
0
0
bb1c19f6
4d004000
0
8000
0
0
b45aea28
78000000
0
0
0
0
b2e853f4
dc000000
0
4000
0
8000
3f7ffffb
7900c000
0
10000
0
14000
0
18000
0
1c000
0
20000
0
24000
0
28000
0
2c000
0
30000
0
34000
0
38000
0
3c000
0
0
3f800000
a00000
0
0
ba5e47e9
1e008000
0
0
0
4000
bb1c19f6
4d004000
0
0
0
0
0
0
0
4000
0
8000
0
c000
0
10000
0
14000
0
18000
0
1c000
0
20000
0
24000
0
28000
0
2c000
3f800000
a00000
0
0
0
4000
ba5e47e9
1e008000
0
c000
0
0
0
4000
bb1c19f6
4d004000
0
0
0
0
3f800000
c000
3f4ac083
12008000
3ec147ae
14004000
345aea28
78000000
0
4000
0
8000
0
c000
0
10000
0
14000
0
18000
0
1c000
0
20000
0
24000
0
28000
0
2c000
0
30000
0
34000
0
38000
bf800000
a00000
0
0
3f800000
a00000
0
0
ba5e47e9
1e008000
0
0
0
4000
0
0
bf800000
a00000
b45aea28
78000000
3446ceb8
b0000000
0
4000
0
8000
3f313f6b
5800c000
0
10000
0
14000
0
18000
0
1c000
0
20000
0
24000
0
28000
0
2c000
0
30000
0
34000
0
38000
0
3c000
0
40000
0
44000
3b1c1874
6e004000
402921ee
14010000
b313cc33
48004000
3f7ffff8
45010000
0
0
3f800000
a00000
ba5e47e9
1e008000
0
0
3b1c1874
6e004000
0
8000
0
c000
402921ee
14010000
0
14000
0
18000
0
1c000
0
20000
0
24000
0
28000
0
2c000
0
30000
0
34000
0
38000
0
0
b313cc33
48004000
0
8000
3f7ffff8
45010000
0
0
3f800000
a00000
ba5e47e9
1e008000
0
0
0
0
bf800000
a00000
0
0
0
4000
0
8000
0
c000
0
10000
0
14000
0
18000
0
1c000
0
20000
0
24000
0
28000
0
2c000
3f800000
a00000
0
0
0
4000
ba5e47e9
1e008000
0
c000
0
0
0
4000
0
0
b45aea28
78000000
0
0
3f800000
10000
3f4ac083
12008000
3ec147ae
14004000
b2e853f4
dc000000
0
4000
0
8000
3f7ffffb
7900c000
0
10000
0
14000
0
18000
0
1c000
0
20000
0
24000
0
28000
0
2c000
0
30000
0
34000
0
38000
b2e853f4
dc000000
0
4000
0
8000
3f7ffffb
7900c000
0
0
3f800000
a00000
ba5e47e9
1e008000
0
0
0
0
0
0
0
0
0
4000
0
8000
3f800000
c000
3f800000
10000
0
14000
0
18000
0
1c000
0
20000
0
24000
0
28000
3f800000
c40000
0
0
3a5e47e9
1e008000
bf800000
a00000
0
0
3f800000
c000
3f800000
10000
0
0
0
4000
3f800000
a00000
ba5e47e9
1e008000
0
0
0
0
0
0
345aea28
78000000
0
4000
0
8000
0
c000
0
10000
0
14000
0
18000
0
1c000
0
20000
0
24000
0
28000
0
2c000
0
30000
0
34000
0
38000
bf800000
a00000
0
0
3f800000
a00000
0
0
0
4000
0
0
bf800000
a00000
bb1c19f6
4d004000
0
0
b45aea28
78000000
0
0
0
4000
3a5e3c03
22008000
0
c000
0
10000
3fa17a9e
1d014000
0
18000
0
1c000
0
20000
0
24000
0
28000
0
2c000
0
30000
0
34000
0
38000
0
3c000
0
40000
0
44000
3b1c19f6
4d004000
bf800000
a00000
b417afce
b3008000
3f7fffed
cf014000
0
0
3f800000
a00000
0
0
0
0
0
4000
b417afce
b3008000
0
c000
0
10000
3f7fffed
cf014000
0
18000
0
1c000
0
20000
0
24000
0
28000
0
2c000
0
30000
0
34000
0
38000
0
0
0
4000
3a5e3c03
22008000
3fa17a9e
1d014000
0
0
3f800000
a00000
0
0
bf800000
a00000
bb1c19f6
4d004000
0
0
0
0
0
4000
3a5e3c03
22008000
0
c000
0
10000
3fa17a9e
1d014000
0
18000
0
1c000
0
20000
0
24000
0
28000
0
2c000
0
30000
0
34000
0
38000
0
3c000
0
40000
0
44000
b417afce
b3008000
3f7fffed
cf014000
b313cc33
48004000
3f7ffff8
45010000
0
0
3f800000
a00000
0
0
0
0
0
4000
b417afce
b3008000
0
c000
0
10000
3f7fffed
cf014000
0
18000
0
1c000
0
20000
0
24000
0
28000
0
2c000
0
30000
0
34000
0
38000
0
3c000
b313cc33
48004000
3f7ffff8
45010000
b313cc33
48004000
3f7ffff8
45010000
b2e853f4
dc000000
3f7ffffb
7900c000
0
0
3f800000
a00000
0
0
0
0
b313cc33
48004000
0
8000
0
c000
3f7ffff8
45010000
0
14000
0
18000
0
1c000
0
0
0
4000
0
8000
3f800000
a00000
0
0
0
4000
0
8000
0
c000
0
0
bf800000
a00000
0
0
bf800000
a00000
0
0
3f800000
c000
3f4ac083
12008000
3ec147ae
14004000
3fb8df01
23000000
0
0
0
4000
b417afce
b3008000
0
c000
0
10000
3f7fffed
cf014000
0
18000
0
1c000
0
20000
0
24000
0
28000
0
2c000
0
30000
0
34000
0
38000
0
0
0
4000
3a5e3c03
22008000
3fa17a9e
1d014000
0
0
3f800000
a00000
0
0
bf800000
a00000
0
0
b45aea28
78000000
0
0
0
4000
0
8000
0
c000
3f800000
10000
0
14000
0
18000
3f800000
c40000
0
0
0
4000
0
8000
3f800000
a00000
0
0
0
4000
0
8000
0
c000
0
0
bf800000
a00000
0
0
0
0
bf800000
a00000
3f800000
10000
3f4ac083
12008000
3ec147ae
14004000
3fb8df01
23000000
b2e853f4
dc000000
0
4000
0
8000
3f7ffffb
7900c000
0
10000
0
14000
0
18000
0
1c000
0
20000
0
24000
0
28000
0
2c000
0
30000
34dfb2f0
6fa00000
3b1c1874
6e004000
402921ee
14010000
34f75aa6
6aa00000
b313cc33
48004000
3f7ffff8
45010000
345fb3a6
9fa00000
b2e853f4
dc000000
3f7ffffb
7900c000
34dfb2f0
6fa00000
0
0
0
0
0
0
0
4000
0
8000
0
c000
0
10000
0
14000
0
18000
0
1c000
0
20000
0
24000
0
28000
0
2c000
3f800000
a00000
0
0
0
4000
0
8000
0
c000
0
0
bb1c19f6
4d004000
0
0
b45aea28
78000000
0
0
3f800000
14000
3f4ac083
12008000
3ec147ae
14004000
0
0
3b1c19f6
4d004000
0
8000
0
c000
0
10000
0
14000
0
18000
0
1c000
0
20000
0
24000
0
28000
0
2c000
0
30000
0
34000
bf800000
a00000
b2e853f4
dc000000
0
4000
0
8000
3f7ffffb
7900c000
0
0
3f800000
a00000
0
0
bb1c19f6
4d004000
0
0
0
0
0
0
0
4000
0
8000
3f800000
c000
0
10000
3f800000
14000
0
18000
0
1c000
0
20000
0
24000
0
28000
3f800000
c40000
0
0
3f800000
c000
3f800000
14000
0
0
3b1c19f6
4d004000
bf800000
a00000
0
0
0
4000
3f800000
a00000
0
0
bb1c19f6
4d004000
0
0
0
0
0
0
3b1c1874
6e004000
0
8000
0
c000
402921ee
14010000
0
14000
0
18000
0
1c000
0
20000
0
24000
0
28000
0
2c000
0
30000
0
34000
0
38000
0
0
b313cc33
48004000
0
8000
3f7ffff8
45010000
0
0
3f800000
a00000
0
0
0
0
bf800000
a00000
b45aea28
78000000
0
0
0
4000
0
8000
0
c000
0
10000
3f800000
14000
0
18000
3f800000
c40000
0
0
0
4000
0
8000
3f800000
a00000
0
0
0
4000
0
8000
0
c000
0
0
0
4000
bf800000
a00000
0
0
bf800000
a00000
3f800000
14000
3f4ac083
12008000
3ec147ae
14004000
3fb8df01
23000000
b2e853f4
dc000000
0
4000
0
8000
3f7ffffb
7900c000
0
10000
0
14000
0
18000
0
1c000
0
20000
0
24000
0
28000
0
2c000
0
30000
34dfb2f0
6fa00000
abc6d1a0
6a008000
3727c5a0
5b014000
bf800000
a00000
b417afce
b3008000
3f7fffed
cf014000
358637e6
a1a00000
b417afce
b3008000
3f7fffed
cf014000
358637e6
a1a00000
0
0
0
0
0
0
0
4000
3a5e3c03
22008000
0
c000
0
10000
3fa17a9e
1d014000
0
18000
0
1c000
0
20000
0
24000
0
28000
359186f4
aea00000
345aea28
78000000
0
4000
bf800000
a00000
0
0
3f800000
10000
3f800000
14000
0
0
0
4000
3f800000
a00000
0
0
0
0
b45aea28
78000000
0
0
0
0
0
4000
0
8000
0
c000
3f800000
10000
3f800000
14000
0
18000
0
1c000
0
20000
0
24000
0
28000
0
2c000
0
30000
3f800000
c40000
abc6d1a0
6a008000
3727c5a0
5b014000
bf800000
a00000
b417afce
b3008000
3f7fffed
cf014000
358637e6
a1a00000
b417afce
b3008000
3f7fffed
cf014000
358637e6
a1a00000
0
0
0
0
0
0
0
4000
0
8000
3f800000
c000
3f800000
10000
3f800000
14000
0
18000
0
1c000
0
20000
0
24000
0
28000
0
2c000
0
30000
3f800000
c40000
b313cc33
48004000
3f7ffff8
45010000
345fb3a6
9fa00000
abc6d1a0
6a008000
3727c5a0
5b014000
bf800000
a00000
b2e853f4
dc000000
3f7ffffb
7900c000
34dfb2f0
6fa00000
0
0
0
0
0
0
3b1c1874
6e004000
0
8000
0
c000
402921ee
14010000
0
14000
0
18000
0
1c000
0
20000
0
24000
0
28000
0
2c000
0
30000
0
34000
0
38000
0
3c000
0
40000
3446ceb8
b0000000
3f313f6b
5800c000
b417afce
b3008000
3f7fffed
cf014000
b417afce
b3008000
3f7fffed
cf014000
b313cc33
48004000
3f7ffff8
45010000
0
0
0
0
0
0
0
0
0
0
0
0
0
0
0
0
0
0
0
0
0
0
0
0
0
0
0
0
0
0
