hex
0
0
3ec147ae
14004000
0
8000
0
c000
0
10000
3fb8df01
23000000
3f800000
c40000
3f800000
8000
3f800000
4000
3f800000
0
3f800000
a00000
0
0
0
0
0
0
0
0
0
0
0
0
0
0
0
0
0
0
0
0
0
0
0
0
0
0
0
0
b2e853f4
dc000000
3f7ffffb
7900c000
3446ceb8
b0000000
3f313f6b
5800c000
b2e853f4
dc000000
3f7ffffb
7900c000
3f800000
a00000
ba5e47e9
1e008000
0
0
bb1c19f6
4d004000
0
0
0
0
0
0
0
0
0
0
0
0
0
0
0
0
0
0
0
0
0
0
0
0
0
0
0
0
0
0
0
0
3ec147ae
14004000
0
8000
0
c000
0
10000
0
14000
0
18000
3fb8df01
23000000
3f800000
c40000
3f800000
8000
3f800000
4000
3f800000
0
3f800000
a00000
0
0
0
0
0
0
0
0
0
0
0
0
0
0
0
0
0
0
0
0
0
0
0
0
3b1c1874
6e004000
402921ee
14010000
b313cc33
48004000
3f7ffff8
45010000
b313cc33
48004000
3f7ffff8
45010000
3f800000
a00000
ba5e47e9
1e008000
0
0
0
0
b45aea28
78000000
0
0
0
0
0
0
0
0
0
0
0
0
0
0
0
0
0
0
0
0
0
0
0
0
0
0
0
0
ab646345
7000000
ab914af2
cd004000
39de47fc
16008000
37fba885
2000c000
37fba942
64010000
0
14000
0
18000
0
1c000
0
20000
0
24000
0
28000
0
2c000
0
30000
b2e853f4
dc000000
3f7ffffb
7900c000
3446ceb8
b0000000
3f313f6b
5800c000
3b1c1874
6e004000
402921ee
14010000
0
0
0
0
0
0
0
0
0
0
0
0
0
0
0
4000
0
8000
0
c000
0
10000
0
14000
3f4ac083
12008000
3ec147ae
14004000
3fb8df01
23000000
3f800000
c40000
3f800000
8000
3f800000
4000
3f800000
0
0
0
0
0
0
0
0
0
0
0
0
0
0
0
0
0
0
0
0
0
0
0
0
0
0
0
3ec147ae
14004000
0
8000
0
c000
0
10000
0
14000
0
18000
3fb8df01
23000000
3f800000
c40000
3f800000
8000
3f800000
4000
3f800000
0
3f800000
a00000
0
0
0
0
0
0
0
0
0
0
0
0
0
0
0
0
0
0
0
0
0
0
0
0
0
0
0
4000
0
8000
0
c000
0
10000
0
14000
3f4ac083
12008000
3ec147ae
14004000
3fb8df01
23000000
3f800000
c40000
3f800000
8000
3f800000
4000
3f800000
0
0
0
0
0
0
0
0
0
0
0
0
0
0
0
0
0
0
0
0
0
0
0
0
0
32cc5817
43000000
3b1c18f5
e004000
0
8000
0
c000
402921ee
a1010000
0
14000
0
18000
0
1c000
0
20000
0
24000
0
28000
0
2c000
0
30000
b415fd0f
25000000
ba50226e
e004000
bed6b011
26010000
321ae2f6
a7000000
b2c5100f
34004000
3f7ffff9
57010000
321ae2f6
a7000000
b2c5100f
34004000
3f7ffff9
57010000
0
0
0
0
0
0
3a5e3c03
22008000
3fa17a9e
1d014000
b417afce
b3008000
3f7fffed
cf014000
b417afce
b3008000
3f7fffed
cf014000
3f800000
a00000
0
0
bb1c19f6
4d004000
0
0
b45aea28
78000000
0
0
0
0
0
0
0
0
0
0
0
0
0
0
0
0
0
0
0
0
0
0
0
0
0
0
0
0
ab8e7f86
33000000
b9a01b42
25004000
2d1b7cc3
ca008000
381d046f
8300c000
0
10000
b88334fc
f7014000
0
18000
0
1c000
0
20000
0
24000
0
28000
0
2c000
0
30000
b2e853f4
dc000000
3f7ffffb
7900c000
3a5e3c03
22008000
3fa17a9e
1d014000
b417afce
b3008000
3f7fffed
cf014000
0
0
0
0
0
0
0
0
0
0
0
0
0
0
0
4000
0
8000
0
c000
0
10000
0
14000
3f4ac083
12008000
3ec147ae
14004000
3fb8df01
23000000
3f800000
c40000
3f800000
8000
3f800000
4000
3f800000
0
0
0
0
0
0
0
0
0
0
0
0
0
0
0
0
0
0
0
0
0
0
0
0
0
b32228f0
b9000000
abafc7b4
e8004000
2d1e516d
4b008000
0
c000
38183bed
cd010000
b885987d
4f014000
0
18000
0
1c000
0
20000
0
24000
0
28000
0
2c000
0
30000
3b1c1874
6e004000
402921ee
14010000
3a5e3c03
22008000
3fa17a9e
1d014000
b417afce
b3008000
3f7fffed
cf014000
0
0
0
0
0
0
0
0
0
0
0
0
0
0
b313cc33
48004000
0
8000
0
c000
3f7ffff8
45010000
0
14000
0
18000
0
1c000
0
20000
0
24000
0
28000
0
2c000
0
30000
0
34000
b313cc33
48004000
3f7ffff8
45010000
b2e853f4
dc000000
3f7ffffb
7900c000
b2e853f4
dc000000
3f7ffffb
7900c000
3a5e3c03
22008000
3fa17a9e
1d014000
3b1c1874
6e004000
402921ee
14010000
0
0
b45aea28
78000000
0
4000
0
8000
0
c000
0
10000
0
14000
0
18000
0
1c000
b45aea28
78000000
0
0
0
0
0
0
3f4ac083
12008000
3ec147ae
14004000
3fb8df01
23000000
0
0
0
0
0
0
0
0
0
0
0
0
0
0
0
0
0
0
0
0
0
0
0
4000
0
8000
0
c000
0
10000
0
14000
3f4ac083
12008000
3ec147ae
14004000
3fb8df01
23000000
3f800000
c40000
3f800000
8000
3f800000
4000
3f800000
0
0
0
0
0
0
0
0
0
0
0
0
0
0
0
0
0
0
0
0
0
0
0
0
0
0
0
0
4000
0
8000
0
c000
0
10000
0
14000
0
18000
0
1c000
0
0
0
0
bb1c19f6
4d004000
0
0
3f4ac083
12008000
3ec147ae
14004000
3fb8df01
23000000
0
0
0
0
0
0
0
0
0
0
0
0
0
0
0
0
0
0
0
0
b415fd0f
25000000
ba50226e
e004000
0
8000
0
c000
bed6b011
26010000
0
14000
0
18000
0
1c000
0
20000
0
24000
0
28000
321ae2f6
a7000000
b2c5100f
34004000
3f7ffff9
57010000
321ae2f6
a7000000
b2c5100f
34004000
3f7ffff9
57010000
b415fd1b
d6000000
ba50226e
c004000
bed6b2b0
3c010000
0
0
0
0
0
0
0
0
0
0
0
0
3ec147ae
14004000
0
8000
0
c000
0
10000
0
14000
0
18000
3fb8df01
23000000
3f800000
c40000
3f800000
8000
3f800000
4000
3f800000
0
3f800000
a00000
0
0
0
0
0
0
0
0
0
0
0
0
0
0
0
0
0
0
0
0
0
0
0
0
0
0
0
4000
0
8000
0
c000
0
10000
0
14000
3f4ac083
12008000
3ec147ae
14004000
3fb8df01
23000000
3f800000
c40000
3f800000
8000
3f800000
4000
3f800000
0
0
0
0
0
0
0
0
0
0
0
0
0
0
0
0
0
0
0
0
0
0
0
0
0
32cebdac
c5000000
0
4000
3a5e4469
3c008000
0
c000
0
10000
3fa17aa3
2f014000
0
18000
0
1c000
0
20000
0
24000
0
28000
0
2c000
0
30000
32a3feed
c5000000
b33274bc
80008000
3f7ffff7
74014000
32a3feed
c5000000
b33274bc
80008000
3f7ffff7
74014000
344cb8ae
92000000
32f6f051
40008000
bf313f68
c6014000
0
0
0
0
0
0
0
0
0
4000
0
8000
0
c000
0
10000
0
14000
3f4ac083
12008000
3ec147ae
14004000
3fb8df01
23000000
3f800000
c40000
3f800000
8000
3f800000
4000
3f800000
0
0
0
0
0
0
0
0
0
0
0
0
0
0
0
0
0
0
0
0
0
0
0
0
0
0
0
0
4000
0
8000
0
c000
0
10000
0
14000
0
18000
0
1c000
ba5e47e9
1e008000
0
0
ba5e47e9
1e008000
0
0
3f4ac083
12008000
3ec147ae
14004000
3fb8df01
23000000
0
0
0
0
0
0
0
0
0
0
0
0
0
0
0
0
0
0
0
0
32a3feed
c5000000
0
4000
b33274bc
80008000
0
c000
0
10000
3f7ffff7
74014000
0
18000
0
1c000
0
20000
0
24000
0
28000
b39ce8a4
ad000000
ba1ce57a
32008000
bf2fd6cb
f5014000
344cb8ae
92000000
32f6f051
40008000
bf313f68
c6014000
b39ce8bf
8c000000
ba1ce57a
30008000
bf2fd773
bb014000
0
0
0
0
0
0
0
0
0
0
0
0
33190ca0
a6004000
3a5e45db
f1008000
0
c000
0
10000
3fa17aa2
b4014000
0
18000
0
1c000
0
20000
0
24000
0
28000
0
2c000
0
30000
32f4a137
40004000
b2d13a03
a3008000
3f7ffff6
77014000
b9d75316
94004000
ba37f3c5
93008000
bf16a24a
e6014000
32f4a137
40004000
b2d13a03
a3008000
3f7ffff6
77014000
0
0
0
0
0
0
0
0
b9d75316
94004000
ba37f3c5
93008000
0
c000
0
10000
bf16a24a
e6014000
0
18000
0
1c000
0
20000
0
24000
0
28000
32f4a137
40004000
b2d13a03
a3008000
3f7ffff6
77014000
b2f4a137
40004000
32d13a03
a3008000
bf7ffff6
77014000
b2f4a137
40004000
32d13a03
a3008000
bf7ffff6
77014000
0
0
0
0
0
0
0
0
0
0
b386d826
4b000000
b9a01c4f
25004000
ba08c7a9
a008000
0
c000
be2523ac
41010000
bf194b94
1c014000
316e49f0
3f000000
b300d954
56004000
329b941e
69008000
3f7ffff8
ae010000
33e0402b
ae014000
316e49f0
3f000000
b300d954
56004000
329b941e
69008000
3f7ffff8
ae010000
33e0402b
ae014000
b386d847
7a000000
b9a01c4f
21004000
ba08c7a9
9008000
be2528ea
6e010000
bf194c3b
e2014000
0
0
0
0
0
0
0
0
0
0
0
4000
0
8000
0
c000
0
10000
0
0
0
0
0
0
0
0
0
0
3f4ac083
12008000
3ec147ae
14004000
3fb8df01
23000000
3f800000
c40000
0
0
0
0
0
0
0
0
0
0
0
0
0
0
0
0
0
0
0
0
0
0
0
0
0
4000
3f4ac083
12008000
0
c000
0
10000
0
14000
0
18000
0
1c000
3ec147ae
14004000
3fb8df01
23000000
3f800000
c40000
3f800000
8000
3f800000
4000
3f800000
0
0
0
0
0
0
0
0
0
0
0
0
0
0
0
0
0
0
0
0
0
0
0
0
0
0
4000
0
8000
0
c000
0
10000
0
14000
bf800000
a00000
0
0
3f4ac083
12008000
3ec147ae
14004000
3fb8df01
23000000
3f800000
c40000
3f800000
8000
3f800000
4000
0
0
0
0
0
0
0
0
0
0
0
0
0
0
0
0
0
0
0
0
0
0
aa984229
b0000000
0
4000
0
8000
3727c5a9
5000c000
0
10000
0
14000
0
18000
0
1c000
0
20000
bf800000
a00000
3b1c19f6
4d004000
bf800000
a00000
3f800000
c000
3f800000
c40000
3a5e47e9
1e008000
bf800000
a00000
0
0
0
0
0
0
0
0
0
0
0
0
0
0
0
0
0
0
0
0
0
4000
0
8000
0
c000
0
10000
0
14000
0
18000
0
0
3f4ac083
12008000
3ec147ae
14004000
3fb8df01
23000000
3f800000
c40000
3f800000
8000
3f800000
4000
0
0
0
0
0
0
0
0
0
0
0
0
0
0
0
0
0
0
0
0
0
0
0
0
0
4000
0
8000
0
c000
0
10000
0
14000
0
18000
0
1c000
0
20000
0
0
bf800000
a00000
0
0
bf800000
a00000
0
0
3f4ac083
12008000
3ec147ae
14004000
0
0
0
0
0
0
0
0
0
0
0
0
0
0
0
0
0
0
aa984229
b0000000
0
4000
0
8000
3727c5a9
5000c000
0
10000
0
14000
0
18000
0
1c000
0
20000
0
24000
0
28000
bf800000
a00000
3f800000
c000
3f800000
c40000
b313cc33
48004000
3f7ffff8
45010000
3a5e47e9
1e008000
bf800000
a00000
0
0
0
0
0
0
0
0
0
0
0
0
0
0
0
0
3b1c1874
6e004000
0
8000
0
c000
402921ee
14010000
0
14000
0
18000
0
1c000
0
20000
34f75aa6
6aa00000
3f800000
10000
3f800000
c40000
345aea28
78000000
bf800000
a00000
3a5e47e9
1e008000
bf800000
a00000
0
0
0
0
0
0
0
0
0
0
0
0
0
0
0
0
0
0
0
0
3b1c1874
6e004000
0
8000
0
c000
402921ee
14010000
0
14000
0
18000
0
1c000
0
20000
0
24000
0
28000
34f75aa6
6aa00000
3f800000
10000
3f800000
c40000
3446ceb8
b0000000
3f313f6b
5800c000
3a5e47e9
1e008000
bf800000
a00000
0
0
0
0
0
0
0
0
0
0
0
0
0
0
0
0
aac1b8aa
1b004000
0
8000
0
c000
3727c5a7
36010000
0
14000
0
18000
0
1c000
0
20000
bf800000
a00000
3446ceb8
b0000000
3f313f6b
5700c000
3490d46d
bea00000
b313cc33
48004000
3f7ffff8
45010000
345fb3a6
9fa00000
aa984229
b0000000
3727c5a9
5000c000
bf800000
a00000
0
0
0
0
0
0
0
0
0
0
0
0
0
0
0
4000
0
8000
0
c000
0
10000
0
14000
0
18000
0
0
3f4ac083
12008000
3ec147ae
14004000
3fb8df01
23000000
3f800000
c40000
3f800000
8000
3f800000
4000
0
0
0
0
0
0
0
0
0
0
0
0
0
0
0
0
0
0
0
0
0
0
0
0
0
4000
0
8000
0
c000
0
10000
0
14000
0
18000
0
1c000
bf800000
a00000
bb1c19f6
4d004000
0
0
0
0
bf800000
a00000
0
0
3f4ac083
12008000
3ec147ae
14004000
0
0
0
0
0
0
0
0
0
0
0
0
0
0
0
0
0
0
aa984229
b0000000
0
4000
0
8000
3727c5a9
5000c000
0
10000
0
14000
0
18000
0
1c000
0
20000
0
24000
0
28000
bf800000
a00000
3b1c19f6
4d004000
bf800000
a00000
3f800000
c000
3f800000
c40000
b417afce
b3008000
3f7fffed
cf014000
0
0
0
0
0
0
0
0
0
0
0
0
0
0
0
0
0
4000
0
8000
0
c000
0
10000
0
14000
0
18000
0
1c000
bf800000
a00000
0
0
bf800000
a00000
b45aea28
78000000
0
0
0
0
3f4ac083
12008000
3ec147ae
14004000
0
0
0
0
0
0
0
0
0
0
0
0
0
0
0
0
0
0
0
0
0
4000
0
8000
0
c000
bf800000
a00000
0
0
bf800000
a00000
0
0
bf800000
a00000
0
0
3f4ac083
12008000
3ec147ae
14004000
3fb8df01
23000000
3f800000
c40000
0
0
0
0
0
0
0
0
0
0
0
0
0
0
0
0
0
0
0
0
0
0
0
0
0
4000
0
8000
3f800000
c000
3f800000
c40000
b417afce
b3008000
3f7fffed
cf014000
b313cc33
48004000
3f7ffff8
45010000
b417afce
b3008000
3f7fffed
cf014000
3a5e3c03
22008000
3fa17a9e
1d014000
3b1c1874
6e004000
402921ee
14010000
0
0
0
0
0
0
0
0
0
0
0
0
0
0
0
0
0
0
0
0
0
0
3b1c1874
6e004000
0
8000
0
c000
402921ee
14010000
0
14000
0
18000
0
1c000
0
20000
0
24000
0
28000
34f75aa6
6aa00000
3f800000
10000
3f800000
c40000
345aea28
78000000
bf800000
a00000
b417afce
b3008000
3f7fffed
cf014000
0
0
0
0
0
0
0
0
0
0
0
0
0
0
b2e853f4
dc000000
0
4000
0
8000
3f7ffffb
7900c000
0
10000
b417afce
b3008000
3f7fffed
cf014000
b2e853f4
dc000000
3f7ffffb
7900c000
b417afce
b3008000
3f7fffed
cf014000
3a5e3c03
22008000
3fa17a9e
1d014000
3446ceb8
b0000000
3f313f6b
5800c000
0
0
0
0
0
0
0
0
0
0
0
0
0
0
0
0
0
0
0
0
0
0
aac1b8aa
1b004000
0
8000
0
c000
3727c5a7
36010000
0
14000
0
18000
0
1c000
0
20000
0
24000
0
28000
bf800000
a00000
3446ceb8
b0000000
3f313f6b
5700c000
3490d46d
bea00000
b313cc33
48004000
3f7ffff8
45010000
345fb3a6
9fa00000
aa984229
b0000000
3727c5a9
5000c000
bf800000
a00000
0
0
0
0
0
0
0
0
0
0
0
4000
b417afce
b3008000
0
c000
0
10000
3f7fffed
cf014000
0
18000
0
1c000
0
20000
358637e6
a1a00000
3b1c19f6
4d004000
bf800000
a00000
345aea28
78000000
bf800000
a00000
3f800000
14000
3f800000
c40000
0
0
0
0
0
0
0
0
0
0
0
0
0
0
0
0
0
0
0
0
0
4000
b417afce
b3008000
0
c000
0
10000
3f7fffed
cf014000
0
18000
0
1c000
0
20000
0
24000
0
28000
358637e6
a1a00000
3f800000
14000
3f800000
c40000
3446ceb8
b0000000
3f313f6b
5800c000
b2e853f4
dc000000
3f7ffffb
7900c000
0
0
0
0
0
0
0
0
0
0
0
0
0
0
3446ceb8
b0000000
0
4000
0
8000
3f313f6b
5700c000
0
10000
0
14000
0
18000
0
1c000
0
20000
3490d46d
bea00000
b2e853f4
dc000000
3f7ffffb
7900c000
34dfb2f0
6fa00000
3a5e3c03
22008000
3fa17a9e
1d014000
359186f4
aea00000
aa984229
b0000000
3727c5a9
5000c000
bf800000
a00000
0
0
0
0
0
0
0
0
0
0
0
0
0
0
0
4000
b417afce
b3008000
0
c000
0
10000
3f7fffed
cf014000
0
18000
0
1c000
0
20000
0
24000
0
28000
358637e6
a1a00000
3f800000
14000
3f800000
c40000
345aea28
78000000
bf800000
a00000
b313cc33
48004000
3f7ffff8
45010000
0
0
0
0
0
0
0
0
0
0
0
0
0
0
b2e853f4
dc000000
0
4000
0
8000
3f7ffffb
7900c000
0
10000
b313cc33
48004000
3f7ffff8
45010000
b2e853f4
dc000000
3f7ffffb
7900c000
3b1c1874
6e004000
402921ee
14010000
b313cc33
48004000
3f7ffff8
45010000
3446ceb8
b0000000
3f313f6b
5800c000
0
0
0
0
0
0
0
0
0
0
0
0
0
0
0
0
0
0
0
0
3446ceb8
b0000000
0
4000
0
8000
3f313f6b
5700c000
0
10000
0
14000
0
18000
0
1c000
0
20000
0
24000
0
28000
3490d46d
bea00000
b2e853f4
dc000000
3f7ffffb
7900c000
34dfb2f0
6fa00000
3a5e3c03
22008000
3fa17a9e
1d014000
359186f4
aea00000
aa984229
b0000000
3727c5a9
5000c000
bf800000
a00000
0
0
0
0
0
0
0
0
0
0
aac1b8aa
1b004000
0
8000
0
c000
3727c5a7
36010000
0
14000
0
18000
0
1c000
0
20000
bf800000
a00000
b313cc33
48004000
3f7ffff8
45010000
345fb3a6
9fa00000
b313cc33
48004000
3f7ffff8
45010000
345fb3a6
9fa00000
3b1c1874
6e004000
402921ee
14010000
34f75aa6
6aa00000
0
0
0
0
0
0
0
0
0
0
0
0
0
0
aac1b8aa
1b004000
0
8000
0
c000
3727c5a7
36010000
0
14000
0
18000
0
1c000
0
20000
0
24000
0
28000
bf800000
a00000
b313cc33
48004000
3f7ffff8
45010000
345fb3a6
9fa00000
b313cc33
48004000
3f7ffff8
45010000
345fb3a6
9fa00000
3b1c1874
6e004000
402921ee
14010000
34f75aa6
6aa00000
0
0
0
0
0
0
0
0
0
0
3b1c1874
6e004000
0
8000
0
c000
402921ee
14010000
0
14000
0
18000
0
1c000
0
20000
0
24000
0
28000
34f75aa6
6aa00000
b2e853f4
dc000000
3f7ffffb
7900c000
34dfb2f0
6fa00000
3f800000
c000
3f800000
10000
3f800000
14000
3446ceb8
b0000000
3f313f6b
5700c000
3490d46d
bea00000
b417afce
b3008000
3f7fffed
cf014000
358637e6
a1a00000
0
0
0
0
0
4000
0
8000
0
c000
0
10000
3f800000
a00000
0
0
0
0
0
0
0
0
0
0
0
0
48927c00
a00000
3f4ac083
12008000
3ec147ae
14004000
0
0
0
0
0
0
0
0
0
0
0
0
0
0
0
0
0
0
0
0
0
0
0
0
0
0
0
0
0
0
0
0
0
0
0
0
0
0
0
0
0
0
0
0
0
0
0
0
0
0
