int
2060
2056
2052
2048
2097
2093
2089
2085
2081
2077
2073
2069
2065
3622
3843
3659
3590
3651
3627
3654
3619
3595
3587
2107
6199
2052
3585
2107
2049
3622
2061
3841
3657
3649
3625
3617
3593
3590
2103
2099
2095
3654
2091
2087
2083
2079
2075
2071
2067
6155
2068
2064
2060
2056
2052
2048
2097
2093
2089
2085
2081
2077
2073
3654
3627
3622
3842
3658
3650
3619
3595
3591
3587
2107
6199
2048
2053
2107
3617
3622
2065
3841
3657
3649
3625
3593
3585
3590
2103
2099
2095
3654
2091
2087
2083
2079
2075
2071
2063
6155
3592
2104
2100
2096
2092
2088
2084
2080
2076
2072
2068
2056
3653
3622
3585
2067
2049
3619
2053
3590
2063
3843
3659
3651
7723
2072
2068
2060
2056
2048
2105
2101
2097
2093
2089
2085
2081
2077
2054
3843
2066
3659
3654
3651
3618
3627
3623
3595
3591
7683
2068
2064
2060
2056
2052
2048
2097
2093
2089
2085
2081
2077
2073
3654
3627
3590
3842
3658
3650
3623
3619
3595
3587
2107
6199
2072
2068
2064
2056
2052
2105
2101
2097
2093
2089
2085
2081
2077
2050
3843
2062
3659
3654
3651
3586
3627
3623
3619
3595
7687
3588
2104
2100
2096
2092
2088
2084
2080
2076
2072
2068
2056
2053
3654
3595
3625
3586
2063
2065
2050
3843
3617
3659
3651
7719
2048
2057
2107
2069
3622
3649
3841
3657
3625
3617
3593
3585
3590
2103
2099
2095
3654
2091
2087
2083
2079
2075
2067
2063
6151
3592
2104
2100
2096
2092
2088
2084
2080
2076
2072
2064
2052
3653
3622
3585
2071
2057
2051
3649
3590
2063
3843
3659
3627
7715
2072
2064
2060
2052
2048
2105
2101
2097
2093
2089
2085
2081
2077
2070
3843
3622
3659
2058
3655
3650
3627
3619
3595
3591
7683
3584
2104
2100
2096
2092
2088
2084
2080
2076
2072
2060
2048
3653
3622
2053
2071
2057
3619
3649
3590
2067
3843
3659
3627
7691
3840
3656
3624
3592
2104
2100
2096
2092
2088
2084
2080
2076
2072
2065
3622
3617
3655
2061
2051
3585
3590
2057
2071
2053
7747
2088
2084
2080
2076
2072
2060
2048
3621
3593
3589
3585
2105
2101
2097
2093
3618
2055
2070
2059
2066
3843
3650
3659
3655
7723
2072
2064
2060
2052
2048
2105
2101
2097
2093
2089
2085
2081
2077
2058
3843
3590
3659
2070
3655
3650
3627
3623
3619
3595
7683
2088
2084
2080
2076
2072
2064
2052
3621
3617
3593
3589
2105
2101
2097
2093
2070
3587
2050
2059
2062
3843
3650
3659
3655
7723
3588
2104
2100
2096
2092
2088
2084
2080
2076
2072
3625
2062
3587
2065
2058
2051
3617
2070
3655
3593
3650
3842
3658
3622
6151
2068
2064
2060
2056
2052
2048
2097
2093
2089
2085
2081
2077
2073
3590
3651
3622
3842
3658
3654
3627
3619
3595
3587
2107
6199
2072
2068
2064
2056
2052
2105
2101
2097
2093
2089
2085
2081
2077
2062
3843
3622
3659
3586
3655
2050
3651
3627
3619
3595
7687
3588
2104
2100
2096
2092
2088
2084
2080
2076
2072
2064
2052
2057
3622
3595
3649
3586
2063
2069
3658
3843
2049
3655
3627
7715
2072
2068
2060
2056
2048
2105
2101
2097
2093
2089
2085
2081
2077
3590
3843
2054
3659
3618
3655
2066
3651
3627
3623
3595
7683
2088
2084
2080
2076
2072
2068
2056
3625
3621
3593
3589
2105
2101
2097
2093
3618
2051
2066
2055
2062
3843
3586
3659
3655
7747
3588
2104
2100
2096
2092
2088
2084
2080
2076
2072
2069
2062
3587
3621
3618
3659
2049
2066
2059
3593
2054
3842
3654
3626
7747
3584
2104
2100
2096
2092
2088
2084
2080
2076
2072
2060
2048
2057
3590
3619
3649
2054
2067
3625
3658
3843
2069
3655
3623
7691
3592
2104
2100
2096
2092
2088
2084
2080
2076
2072
3625
3590
2055
2069
2062
3659
3617
3586
2059
2065
2050
3842
3654
3622
7747
3843
3655
3623
3591
2060
3625
2050
2107
2103
3584
2065
3658
2099
2095
2056
3617
2070
2091
2087
2052
3593
3650
2083
2079
6171
2084
2080
2076
2072
3653
3625
3621
3593
3589
2105
2101
2097
2093
2089
3586
2071
2058
3619
2054
2067
3650
2063
2050
3843
7755
2072
2068
2064
2060
2056
2052
2048
2101
2097
2093
2089
2085
2081
2077
3622
3659
3590
3651
3654
3842
3627
3619
3595
3587
6203
2076
2072
2068
2064
2056
2052
3589
2105
2101
2097
2093
2089
2085
2081
3622
2063
3586
3843
3654
3659
2050
3651
3627
3619
7691
2092
2084
2080
2076
2072
2068
2064
2056
2052
3593
2062
3621
3843
2089
3586
3653
3659
2050
3651
3627
3619
3591
2107
2103
6195
2076
2072
2068
2060
2056
2048
3585
2105
2101
2097
2093
2089
2085
2081
2054
3591
3618
3843
3654
3659
2066
3651
3627
3623
7691
2092
2088
2084
2080
2076
2072
2068
2056
3649
3625
3621
3593
3589
2105
2101
2097
2066
2051
2062
2055
3654
3619
3586
3843
7755
3588
2104
2100
2096
2092
2084
2080
2076
2072
2068
2056
3593
2062
2089
2055
3617
3586
3653
2067
2050
3843
3659
3651
3627
7719
2092
2084
2080
2076
2072
2068
2060
2056
2048
2053
3626
2089
3843
3589
2066
3653
3659
3618
3651
3623
3595
3587
2107
2103
6195
3588
2104
2100
2096
2092
2084
2080
2076
2072
2068
2056
2053
3626
2089
3587
2049
2066
3653
2063
3618
3843
3659
3651
3623
7691
2100
2096
2092
2084
2080
2076
2072
2068
2056
3625
3586
2091
2049
2054
3655
3617
2066
2107
3593
2062
3843
3659
3651
3623
7687
2076
2072
2064
2060
2052
2048
3585
2105
2101
2097
2093
2089
2085
2081
3622
3591
2070
3843
2058
3659
3650
3655
3627
3619
7691
2092
2088
2084
2080
2076
2072
2064
2052
3653
3625
3617
3593
3589
2105
2101
2097
2050
2059
2062
3623
3586
2071
3650
3843
7755
3588
2104
2100
2096
2092
2084
2080
2076
2072
2064
2052
3593
2062
3621
3651
2089
3586
2069
2059
2050
3843
3659
3655
3627
7715
2092
2088
2084
2080
2076
2072
2060
2048
3653
3625
3621
3593
3585
2105
2101
2097
2066
2059
3590
2071
2054
3619
3650
3843
7755
2084
2080
2076
2072
3653
3625
3621
3593
3589
2105
2101
2097
2093
2089
3586
2071
2058
3619
2054
2067
3650
2063
2050
3843
7755
2084
2080
2076
2072
2089
2062
2069
3619
2065
3586
3649
3843
2057
2050
2053
3659
3594
3655
3627
3623
3591
2107
2103
2099
6191
3584
2104
2100
2096
2092
2084
2080
2076
2072
2060
2048
2053
3626
2089
3651
3589
2066
2069
2059
3618
3843
3659
3655
3623
7691
2084
2080
2076
2072
3585
3626
2069
2091
2061
2066
3649
3843
2057
3618
2049
3659
2054
3655
3623
3595
3591
2107
2103
2099
6191
3656
3652
3620
3588
2100
2096
2092
2084
2080
2076
2072
3625
2090
3587
2049
2058
2055
3617
2070
2067
3593
2106
2063
3650
7938
2092
2084
2080
2076
2072
2064
2060
2052
2048
3649
2058
3621
3843
3589
3658
2089
3655
2070
3627
3619
3595
3587
2107
2103
6195
3588
2104
2100
2096
2092
2084
2080
2076
2072
2064
2052
3649
2058
2089
3623
2049
3658
3585
2063
2070
3843
3655
3627
3619
7691
2100
2096
2092
2084
2080
2076
2072
2064
2052
2049
3586
2091
2061
3658
2107
2057
2070
3623
3593
3650
3843
3655
3627
3619
7687
3584
2104
2100
2096
2092
2084
2080
2076
2072
2060
2048
3649
2058
2089
2055
3589
3658
2065
3619
2070
3843
3655
3627
3623
7691
2084
2080
2076
2072
3585
2058
2065
2091
2061
3658
2053
3843
3617
2070
2049
3655
3650
3627
3623
3595
3591
2107
2103
2099
6191
3652
3624
3620
3588
2100
2096
2092
2084
2080
2076
2072
2049
2090
3587
2061
3618
3659
2057
2066
2071
3593
2106
3651
2054
7938
2100
2096
2092
2084
2080
2076
2072
2060
2048
3625
2090
2059
2065
3658
3591
3617
2070
2107
2053
3650
3843
3655
3623
3595
7683
3652
3620
3592
3588
2100
2096
2092
2084
2080
2076
2072
3625
2058
2091
2065
2062
3659
3617
3586
2071
2053
2106
3651
2050
7938
3840
3652
3620
3588
2100
2096
2092
2084
2080
2076
2072
2053
3650
2091
3585
3626
2067
2105
2058
3659
2049
3618
2063
2069
7690
2092
2084
2080
2076
2072
3841
3657
3653
3625
3621
3593
3589
2105
2101
2097
2090
2055
3618
2051
2062
2071
2058
3651
3586
6163
0
0
0
0
0
0
0
0
0
0
0
0
0
0
0
0
0
0
0
0
0
0
0
0
0
0
0
0
0
0
0
0
0
0
0
0
0
0
0
0
0
0
0
0
0
0
0
0
0
0
0
0
0
0
0
0
0
0
0
0
0
0
0
0
0
0
0
0
0
0
0
0
0
0
0
0
0
0
0
0
0
0
0
0
0
0
0
0
0
0
0
0
0
0
0
0
0
0
0
0
0
0
0
0
0
0
0
0
0
0
0
0
0
0
0
0
0
0
0
0
0
0
0
0
0
0
0
0
0
0
0
0
0
0
0
0
0
0
0
0
0
0
0
0
0
0
0
0
0
0
0
0
0
0
0
0
0
0
0
0
0
0
0
0
0
0
0
0
0
0
0
0
0
0
0
0
0
0
0
0
0
0
0
0
0
0
0
0
0
0
0
0
0
0
0
0
0
0
0
0
0
0
0
0
0
0
0
0
0
0
0
0
0
0
0
0
0
0
0
0
0
0
0
0
0
0
0
0
0
0
0
0
0
0
0
0
0
0
0
0
0
0
0
0
0
0
0
0
0
0
0
0
0
0
0
0
0
0
0
0
0
0
0
0
0
0
0
0
0
0
0
0
0
0
0
0
0
0
0
0
0
0
0
0
0
0
0
0
0
0
0
0
0
0
0
0
0
0
0
0
0
0
0
0
0
0
0
0
0
0
0
0
0
0
0
0
0
0
0
0
0
0
0
0
0
0
0
0
0
0
0
0
0
0
0
0
0
0
0
0
0
0
0
0
0
0
0
0
0
0
0
0
0
0
0
0
0
0
0
0
0
0
0
0
0
0
0
0
0
0
0
0
0
0
0
0
0
0
0
0
0
0
0
0
0
0
0
0
0
0
0
0
0
0
0
0
0
0
0
0
0
0
0
0
0
0
0
0
0
0
0
0
0
0
0
0
0
0
0
0
0
0
0
0
0
0
0
0
0
0
0
0
0
0
0
0
0
0
0
0
0
0
0
0
0
0
0
0
0
0
0
0
0
0
0
0
0
0
0
0
0
0
0
0
0
0
0
0
0
0
0
0
0
0
0
0
0
0
0
0
0
0
0
0
0
0
0
0
0
0
0
0
0
0
0
0
0
0
0
0
0
0
0
0
0
0
0
0
0
0
0
0
0
0
0
0
0
0
0
0
0
0
0
0
0
0
0
0
0
0
0
0
0
0
0
0
0
0
0
0
0
0
0
0
0
0
0
0
0
0
0
0
0
0
0
0
0
0
0
0
0
0
0
0
0
0
0
0
0
0
0
0
0
0
0
0
0
0
0
0
0
0
0
0
0
0
0
0
0
0
0
0
0
0
0
0
0
0
0
0
0
0
0
0
0
0
0
0
0
0
0
0
0
0
0
0
0
0
0
0
0
0
0
0
0
0
0
0
0
0
0
0
0
0
0
0
0
0
0
0
0
0
0
0
0
0
0
0
0
0
0
0
0
0
0
0
0
0
0
0
0
0
0
0
0
0
0
0
0
0
0
0
0
0
0
0
0
0
0
0
0
0
0
0
0
0
0
0
0
0
0
0
0
0
0
0
0
0
0
0
0
0
0
0
0
0
0
0
0
0
0
0
0
0
0
0
0
0
0
0
0
0
0
0
0
0
0
0
0
0
0
0
0
0
0
0
0
0
0
0
0
0
0
0
0
0
0
0
0
0
0
0
0
0
0
0
0
0
0
0
0
0
0
0
0
0
0
0
0
0
0
0
0
0
0
0
0
0
0
0
0
0
0
0
0
0
0
0
0
0
0
0
0
0
0
0
0
0
0
0
0
0
0
0
0
0
0
0
0
0
0
0
0
0
0
0
0
0
0
0
0
0
0
0
0
0
0
0
0
0
0
0
0
0
0
0
0
0
0
0
0
0
0
0
0
0
0
0
0
0
0
0
0
0
0
0
0
0
0
0
0
0
0
0
0
0
0
0
0
0
0
0
0
0
0
0
0
0
0
0
0
0
0
0
0
0
0
0
0
0
0
0
0
0
0
0
0
0
0
0
0
0
0
0
0
0
0
0
0
0
0
0
0
0
0
0
0
0
0
0
0
0
0
0
0
0
0
0
0
0
0
0
0
0
0
0
0
0
0
0
0
0
0
0
0
0
0
0
0
0
0
0
0
0
0
0
0
0
0
0
0
0
0
0
0
0
0
0
0
0
0
0
0
0
0
0
0
0
0
0
0
0
0
0
0
0
0
0
0
0
0
0
0
0
0
0
0
0
0
0
0
0
0
0
0
0
0
0
0
0
0
0
0
0
0
0
0
0
0
0
0
0
0
0
0
0
0
0
0
0
0
0
0
0
0
0
0
0
0
0
0
0
0
0
0
0
0
0
0
0
0
0
0
0
0
0
0
0
0
0
0
0
0
0
0
0
0
0
0
0
0
0
0
0
0
0
0
0
0
0
0
0
0
0
0
0
0
0
0
0
0
0
0
0
0
0
0
0
0
0
0
0
0
0
0
0
0
0
0
0
0
0
0
0
0
0
0
0
0
0
0
0
0
0
0
0
0
0
0
0
0
0
0
0
0
0
0
0
0
0
0
0
0
0
0
0
0
0
0
0
0
0
0
0
0
0
0
0
0
0
0
0
0
0
0
0
0
0
0
0
0
0
0
0
0
0
0
0
0
0
0
0
0
0
0
0
0
0
0
0
0
0
0
0
0
0
0
0
0
0
0
0
0
0
0
0
0
0
0
0
0
0
0
0
0
0
0
0
0
0
0
0
0
0
0
0
0
0
0
0
0
0
0
0
0
0
0
0
0
0
0
0
0
0
0
0
0
0
0
0
0
0
0
0
0
0
0
0
0
0
0
0
0
0
0
0
0
0
0
0
0
0
0
0
0
0
0
0
0
0
0
0
0
0
0
0
0
0
0
0
0
0
0
0
0
0
0
0
0
0
0
0
0
0
0
0
0
0
0
0
0
0
0
0
0
0
0
0
0
0
0
0
0
0
0
0
0
0
0
0
0
0
0
0
0
0
0
0
0
0
0
0
0
0
0
0
0
0
0
0
0
0
0
0
0
0
0
0
0
0
0
0
0
0
0
0
0
0
0
0
0
0
0
0
0
0
0
0
0
0
0
0
0
0
0
0
0
0
0
0
0
0
0
0
0
0
0
0
0
0
0
0
0
0
0
0
0
0
0
0
0
0
0
0
0
0
0
0
0
0
0
0
0
0
0
0
0
0
0
0
0
0
0
0
0
0
0
0
0
0
0
0
0
0
0
0
0
0
0
0
0
0
0
0
0
0
0
0
0
0
0
0
0
0
0
0
0
0
0
0
0
0
0
0
0
0
0
0
0
0
0
0
0
0
0
0
0
0
0
0
0
0
0
0
0
0
0
0
0
0
0
0
0
0
0
0
0
0
0
0
0
0
0
0
0
0
0
0
0
0
0
0
0
0
0
0
0
0
0
0
0
0
0
0
0
0
0
0
0
0
0
0
0
0
0
0
0
0
0
0
0
0
0
0
0
0
0
0
0
0
0
0
0
0
0
0
0
0
0
0
0
0
0
0
0
0
0
0
0
0
0
0
0
0
0
0
0
0
0
0
0
0
0
0
0
0
0
0
0
0
0
0
0
0
0
0
0
0
0
0
0
0
0
0
0
0
0
0
0
0
0
0
0
0
0
0
0
0
0
0
0
0
0
0
0
0
0
0
0
0
0
0
0
0
0
0
0
0
0
0
0
0
0
0
0
0
0
0
0
0
0
0
0
0
0
0
0
0
0
0
0
0
0
0
0
0
0
0
0
0
0
0
0
0
0
0
0
0
0
0
0
0
0
0
0
0
0
0
0
0
0
0
0
0
0
0
0
0
0
0
0
0
0
0
0
0
0
0
0
0
0
0
0
0
0
0
0
0
0
0
0
0
0
0
0
0
0
0
0
0
0
0
0
0
0
0
0
0
0
0
0
0
0
0
0
0
0
0
0
0
0
0
0
0
0
0
0
0
0
0
0
0
0
0
0
0
0
0
0
0
0
0
0
0
0
0
0
0
0
0
0
0
0
0
0
0
0
0
0
0
0
0
0
0
0
0
0
0
0
0
0
0
0
0
0
0
0
0
0
0
0
0
0
0
0
0
0
0
0
0
0
0
0
0
0
0
0
0
0
0
0
0
0
0
0
0
0
0
0
0
0
0
0
0
0
0
0
0
0
0
0
0
0
0
0
0
0
0
0
0
0
0
0
0
0
0
0
0
0
0
0
0
0
0
0
0
0
0
0
0
0
0
0
0
0
0
0
0
0
0
0
0
0
0
0
0
0
0
0
0
0
0
0
0
0
0
0
0
0
0
0
0
0
0
0
0
0
0
0
0
0
0
0
0
0
0
0
0
0
0
0
0
0
0
0
0
0
0
0
0
0
0
0
0
0
0
0
0
0
0
0
0
0
0
0
0
0
0
0
0
0
0
0
0
0
0
0
0
0
0
0
0
0
0
0
0
0
0
0
0
0
0
0
0
0
0
0
0
0
0
0
0
0
0
0
0
0
0
0
0
0
0
0
0
0
0
0
0
0
0
0
0
0
0
0
0
0
0
0
0
0
0
0
0
0
0
0
0
0
0
0
0
0
0
0
0
0
0
0
0
0
0
0
0
0
0
0
0
0
0
0
0
0
0
0
0
0
0
0
0
0
0
0
0
0
0
0
0
0
0
0
0
0
0
0
0
0
0
0
0
0
0
0
0
0
0
0
0
0
0
0
0
0
0
0
0
0
0
0
0
0
0
0
0
0
0
0
0
0
0
0
0
0
0
0
0
0
0
0
0
0
0
0
0
0
0
0
0
0
0
0
0
0
0
0
0
0
0
0
0
0
0
0
0
0
0
0
0
0
0
0
0
0
0
0
0
0
0
0
0
0
0
0
0
0
0
0
0
0
0
0
0
0
0
0
0
0
0
0
0
0
0
0
0
0
0
0
0
0
0
0
0
0
0
0
0
0
0
0
0
0
0
0
0
0
0
0
0
0
0
0
0
0
0
0
0
0
0
0
0
0
0
0
0
0
0
0
0
0
0
0
0
0
0
0
0
0
0
0
0
0
0
0
0
0
0
0
0
0
0
0
0
0
0
0
0
0
0
0
0
0
0
0
0
0
0
0
0
0
0
0
0
0
0
0
0
0
0
0
0
0
0
0
0
0
0
0
0
0
0
0
0
0
0
0
0
0
0
0
0
0
0
0
0
0
0
0
0
0
0
0
0
0
0
0
0
0
0
0
0
0
0
0
0
0
0
0
0
0
0
0
0
0
0
0
0
0
0
0
0
0
0
0
0
0
0
0
0
0
0
0
0
0
0
0
0
0
0
0
0
0
0
0
0
0
0
0
0
0
0
0
0
0
0
0
0
0
0
0
0
0
0
0
0
0
0
0
0
0
0
0
0
0
0
0
0
0
0
0
0
0
0
0
0
0
0
0
0
0
0
0
0
0
0
0
0
0
0
0
0
0
0
0
0
0
0
0
0
0
0
0
0
0
0
0
0
0
0
0
0
0
0
0
0
0
0
0
0
0
0
0
0
0
0
0
0
0
0
0
0
0
0
0
0
0
0
0
0
0
0
0
0
0
0
0
0
0
0
0
0
0
0
0
0
0
0
0
0
0
0
0
0
0
0
0
0
0
0
0
0
0
0
0
0
0
0
0
0
0
0
0
0
0
0
0
0
0
0
0
0
0
0
0
0
0
0
0
0
0
0
0
0
0
0
0
0
0
0
0
0
0
0
0
0
0
0
0
0
0
0
0
0
0
0
0
0
0
0
0
0
0
0
0
0
0
0
0
0
0
0
0
0
0
0
0
0
0
0
0
0
0
0
0
0
0
0
0
0
0
0
0
0
0
0
0
0
0
0
0
0
0
0
0
0
0
0
0
0
0
0
0
0
0
0
0
0
0
0
0
0
0
0
0
0
0
0
0
0
0
0
0
0
0
0
0
0
0
0
0
0
0
0
0
0
0
0
0
0
0
0
0
0
0
0
0
0
0
0
0
0
0
0
0
0
0
0
0
0
0
0
0
0
0
0
0
0
0
0
0
0
0
0
0
0
0
0
