hex
0
0
0
0
3b20c362
b1008000
3d977bd7
11004000
3d63e583
2c000000
0
0
0
0
0
0
0
0
0
0
0
0
0
0
0
0
0
0
0
0
0
0
0
0
0
0
0
0
0
0
0
0
0
0
0
0
0
0
0
0
3b20c362
b1008000
3d977bd7
11004000
0
0
0
0
0
0
0
0
0
0
0
0
0
0
0
0
0
0
0
0
0
0
0
0
0
0
0
0
0
0
0
0
0
0
0
0
0
0
3f3851eb
85008000
3e855555
55004000
3ea66666
66000000
3f800000
8000
3f800000
4000
3f800000
0
0
0
0
0
3b20c362
b1008000
3d977bd7
11004000
0
0
0
0
0
0
0
0
0
0
0
0
0
0
0
0
0
0
0
0
0
0
0
0
0
0
0
0
0
0
3b20c362
b1008000
3d63e583
2c000000
0
0
0
0
0
0
0
0
0
0
0
0
0
0
0
0
0
0
0
0
0
0
0
0
0
0
0
0
0
0
0
0
0
0
0
0
0
0
3ea66666
66000000
3f800000
8000
3f800000
4000
3f800000
0
0
0
3b20c362
b1008000
0
0
0
0
0
0
0
0
0
0
0
0
0
0
0
0
0
0
0
0
0
0
0
0
0
0
0
0
0
0
0
0
0
0
0
0
3f3851eb
85008000
3e855555
55004000
3ea66666
66000000
3f800000
8000
3f800000
4000
3f800000
0
0
0
3b20c362
b1008000
0
0
0
0
0
0
0
0
0
0
0
0
0
0
0
0
0
0
0
0
0
0
0
0
0
0
0
0
3f3851eb
85008000
3e855555
55004000
3ea66666
66000000
3f800000
8000
3f800000
4000
3f800000
0
0
0
0
0
3b20c362
b1008000
3d63e583
2c000000
0
0
0
0
0
0
0
0
0
0
0
0
0
0
0
0
0
0
0
0
0
0
0
0
0
0
0
0
3f3851eb
85008000
3e855555
55004000
3ea66666
66000000
3f800000
8000
3f800000
4000
3f800000
0
0
0
3b20c362
b1008000
0
0
0
0
0
0
0
0
0
0
0
0
0
0
0
0
0
0
0
0
0
0
0
0
0
0
0
0
3d63e525
d1000000
4039f766
aa00c000
b294414a
d6010000
3567a607
1ac40000
b39f182d
93004000
b18f2abb
e200c000
3f7ffff7
48010000
345fb2ca
96c40000
3d977bb8
d4004000
b2312207
a900c000
406394f5
f4010000
350a6298
28c40000
b412405b
a7000000
3f7ffff1
6200c000
b20f2a8c
f8010000
34dfb27f
3ac40000
0
0
0
0
0
0
0
0
0
0
0
0
0
0
0
0
0
0
3d977bd7
11004000
3d63e583
2c000000
0
0
0
0
0
0
0
0
0
0
0
0
0
0
0
0
0
0
0
0
0
0
0
0
0
0
0
0
0
0
0
0
0
0
0
0
0
0
3ea66666
66000000
3f800000
8000
3f800000
4000
3f800000
0
0
0
3d977bd7
11004000
0
0
0
0
0
0
0
0
0
0
0
0
0
0
0
0
0
0
0
0
0
0
0
0
0
0
0
0
0
0
0
0
0
0
0
0
3f3851eb
85008000
3e855555
55004000
3ea66666
66000000
3f800000
8000
3f800000
4000
3f800000
0
0
0
3d977bd7
11004000
0
0
0
0
0
0
0
0
0
0
0
0
0
0
0
0
0
0
0
0
0
0
0
0
0
0
0
0
3ea66666
66000000
3f800000
8000
3f800000
4000
3f800000
0
0
0
3d63e583
2c000000
0
0
0
0
0
0
0
0
0
0
0
0
0
0
0
0
0
0
0
0
0
0
0
0
0
0
0
0
0
0
0
0
0
0
bf800000
c40000
0
0
3f3851eb
85008000
3e855555
55004000
3ea66666
66000000
3f800000
8000
3f800000
4000
3f800000
0
0
0
0
0
0
0
0
0
0
0
0
0
0
0
0
0
0
0
0
0
0
0
0
0
0
0
0
0
0
0
0
0
0
0
0
0
3f3851eb
85008000
3e855555
55004000
3ea66666
66000000
3f800000
8000
3f800000
4000
3f800000
0
0
0
0
0
0
0
0
0
0
0
0
0
0
0
0
0
0
0
0
0
0
0
0
0
0
0
0
0
0
0
3f3851eb
85008000
3e855555
55004000
3ea66666
66000000
3f800000
8000
3f800000
4000
3f800000
0
0
0
3d63e583
2c000000
0
0
0
0
0
0
0
0
0
0
0
0
0
0
0
0
0
0
0
0
0
0
0
0
0
0
0
0
0
0
0
0
0
0
3f3851eb
85008000
3e855555
55004000
3ea66666
66000000
3f800000
8000
3f800000
4000
3f800000
0
0
0
0
0
0
0
0
0
0
0
0
0
0
0
0
0
0
0
0
0
0
0
0
0
0
0
0
0
3d63e525
d1000000
4039f766
aa00c000
b294414a
d6010000
3567a607
1ac40000
b39f182d
93004000
b18f2abb
e200c000
3f7ffff7
48010000
345fb2ca
96c40000
3d977bb8
d4004000
b2312207
a900c000
406394f5
f4010000
350a6298
28c40000
b412405b
a7000000
3f7ffff1
6200c000
b20f2a8c
f8010000
34dfb27f
3ac40000
0
0
0
0
0
0
0
0
0
0
0
0
0
0
0
0
0
0
3f3851eb
85008000
3e855555
55004000
3ea66666
66000000
3f800000
8000
3f800000
4000
3f800000
0
0
0
0
0
3d977bd7
11004000
3d63e583
2c000000
0
0
0
0
0
0
0
0
0
0
0
0
0
0
0
0
0
0
0
0
0
0
0
0
0
0
0
0
3f3851eb
85008000
3e855555
55004000
3ea66666
66000000
3f800000
8000
3f800000
4000
3f800000
0
0
0
3d977bd7
11004000
0
0
0
0
0
0
0
0
0
0
0
0
0
0
0
0
0
0
0
0
0
0
0
0
0
0
0
0
2717538f
4a000000
3b20bf93
46008000
b2c701f8
6800c000
3fb1576d
45014000
359b798c
e2c40000
b13b33a8
57000000
b1641b66
f5008000
3ca3d700
ab00c000
3ca3d6fd
7f014000
bf7fffff
86c40000
270be977
33000000
b4323568
84008000
b2abcc84
dd00c000
3f7fffec
3b014000
358637ca
cfc40000
0
0
0
0
0
0
0
0
0
0
0
0
0
0
0
0
0
0
0
0
0
0
0
0
0
0
3f3851eb
85008000
3e855555
55004000
3ea66666
66000000
3f800000
8000
3f800000
4000
3f800000
0
0
0
3d63e583
2c000000
0
0
0
0
0
0
0
0
0
0
0
0
0
0
0
0
0
0
0
0
0
0
0
0
0
0
0
0
0
0
0
0
0
0
3f3851eb
85008000
3e855555
55004000
3ea66666
66000000
3f800000
8000
3f800000
4000
3f800000
0
0
0
0
0
0
0
0
0
0
0
0
0
0
0
0
0
0
0
0
0
0
0
0
0
0
0
0
0
b412405b
a7000000
26a6a6af
26008000
3f7ffff1
6200c000
b20f2a8a
16014000
34dfb27f
1dc40000
b13b33a8
57000000
b1641b66
f5008000
3ca3d700
ab00c000
3ca3d6fd
7f014000
bf7fffff
86c40000
2717538f
4a000000
3b20bf93
46008000
b2c701f8
6800c000
3fb1576d
45014000
359b798c
e2c40000
b13b33a8
57000000
b1641b66
f5008000
3ca3d700
ab00c000
3ca3d6fd
7f014000
bf7fffff
86c40000
0
0
0
0
0
0
0
0
269ff27d
44004000
3b20bf93
46008000
b2c701f9
ea010000
3fb1576d
45014000
359b798c
e7c40000
3d977bb8
d4004000
26bf9a17
fb008000
406394f5
f4010000
b2312206
26014000
350a6298
1ec40000
b39f182d
93004000
3f7ffff7
48010000
b18f2aba
55014000
345fb2ca
80c40000
0
0
0
0
0
0
0
0
0
0
0
0
0
0
0
0
0
0
0
0
0
0
0
0
3d977bb8
d4004000
26bf9a17
fb008000
406394f5
f4010000
b2312206
26014000
350a6298
1ec40000
26949776
2d004000
b4323568
84008000
b2abcc86
77010000
3f7fffec
3b014000
358637ca
d4c40000
b39f182d
93004000
3f7ffff7
48010000
b18f2aba
55014000
345fb2ca
80c40000
b39f182d
93004000
3f7ffff7
48010000
b18f2aba
55014000
345fb2ca
80c40000
0
0
0
0
0
0
0
0
0
0
0
0
0
0
270be977
30000000
26949776
25004000
b4323568
84008000
b2abcc84
d700c000
b2abcc86
6b010000
3f7fffec
3b014000
358637ca
cbc40000
b412405b
a7000000
26a6a6af
21008000
3f7ffff1
6200c000
b20f2a8c
e0010000
b20f2a8a
11014000
34dfb27f
15c40000
3d977bb8
d4004000
26bf9a17
f2008000
b2312207
9200c000
406394f5
f4010000
b2312206
1c014000
350a6298
16c40000
3d63e525
d1000000
27212256
34008000
4039f766
aa00c000
b294414a
c2010000
b2944148
8b014000
3567a606
fbc40000
0
0
0
0
0
0
0
0
0
0
0
0
0
0
0
0
3f3851eb
85008000
3e855555
55004000
3ea66666
66000000
3f800000
8000
3f800000
4000
3f800000
0
0
0
0
0
0
0
0
0
0
0
0
0
0
0
0
0
0
0
0
0
0
0
0
0
0
0
0
0
0
0
0
0
0
0
3b20c362
b1008000
3d977bd7
11004000
3d63e583
2c000000
0
0
0
0
0
0
0
0
0
0
0
0
0
0
0
0
0
0
0
0
0
0
0
0
0
0
0
0
0
0
0
0
0
0
0
0
0
0
0
0
3b20c362
b1008000
3d977bd7
11004000
0
0
0
0
0
0
0
0
0
0
0
0
0
0
0
0
0
0
0
0
0
0
0
0
0
0
0
0
0
0
0
0
0
0
0
0
0
0
3f3851eb
85008000
3e855555
55004000
3ea66666
66000000
3f800000
8000
3f800000
4000
3f800000
0
0
0
0
0
3b20c362
b1008000
3d977bd7
11004000
0
0
0
0
0
0
0
0
0
0
0
0
0
0
0
0
0
0
0
0
0
0
0
0
0
0
0
0
0
0
3b20c362
b1008000
3d63e583
2c000000
0
0
0
0
0
0
0
0
0
0
0
0
0
0
0
0
0
0
0
0
0
0
0
0
0
0
0
0
0
0
0
0
0
0
0
0
0
0
3ea66666
66000000
3f800000
8000
3f800000
4000
3f800000
0
0
0
3b20c362
b1008000
0
0
0
0
0
0
0
0
0
0
0
0
0
0
0
0
0
0
0
0
0
0
0
0
0
0
0
0
0
0
0
0
0
0
3c23d70a
3dc40000
3f3851eb
85008000
3e855555
55004000
3ea66666
66000000
3f800000
8000
3f800000
4000
3f800000
0
0
0
3b20c362
b1008000
0
0
0
0
0
0
0
0
0
0
0
0
0
0
0
0
0
0
0
0
0
0
0
0
0
0
0
0
3f3851eb
85008000
3e855555
55004000
3ea66666
66000000
3f800000
8000
3f800000
4000
3f800000
0
0
0
0
0
3b20c362
b1008000
3d63e583
2c000000
0
0
0
0
0
0
0
0
0
0
0
0
0
0
0
0
0
0
0
0
0
0
0
0
0
0
3c23d70a
3dc40000
3f3851eb
85008000
3e855555
55004000
3ea66666
66000000
3f800000
8000
3f800000
4000
3f800000
0
0
0
3b20c362
b1008000
0
0
0
0
0
0
0
0
0
0
0
0
0
0
0
0
0
0
0
0
0
0
0
0
0
0
0
0
3d63e525
d1000000
4039f766
aa00c000
b294414a
d6010000
3567a607
1ac40000
b39f182d
93004000
b18f2abb
e200c000
3f7ffff7
48010000
345fb2ca
96c40000
3d977bb8
d4004000
b2312207
a900c000
406394f5
f4010000
350a6298
28c40000
b412405b
a7000000
3f7ffff1
6200c000
b20f2a8c
f8010000
34dfb27f
3ac40000
0
0
0
0
0
0
0
0
0
0
0
0
0
0
0
0
0
0
3d977bd7
11004000
3d63e583
2c000000
0
0
0
0
0
0
0
0
0
0
0
0
0
0
0
0
0
0
0
0
0
0
0
0
0
0
0
0
0
0
0
0
0
0
0
0
0
0
3ea66666
66000000
3f800000
8000
3f800000
4000
3f800000
0
0
0
3d977bd7
11004000
0
0
0
0
0
0
0
0
0
0
0
0
0
0
0
0
0
0
0
0
0
0
0
0
0
0
0
0
0
0
0
0
0
0
3c23d70a
3dc40000
3f3851eb
85008000
3e855555
55004000
3ea66666
66000000
3f800000
8000
3f800000
4000
3f800000
0
0
0
3d977bd7
11004000
0
0
0
0
0
0
0
0
0
0
0
0
0
0
0
0
0
0
0
0
0
0
0
0
0
0
0
0
3ea66666
66000000
3f800000
8000
3f800000
4000
3f800000
0
0
0
3d63e583
2c000000
0
0
0
0
0
0
0
0
0
0
0
0
0
0
0
0
0
0
0
0
0
0
0
0
0
0
0
0
0
0
0
0
0
0
bf800000
c40000
3c23d70a
3dc40000
3f3851eb
85008000
3e855555
55004000
3ea66666
66000000
3f800000
8000
3f800000
4000
3f800000
0
0
0
0
0
0
0
0
0
0
0
0
0
0
0
0
0
0
0
0
0
0
0
0
0
0
0
0
0
0
0
0
0
0
0
3c23d70a
3dc40000
3f3851eb
85008000
3e855555
55004000
3ea66666
66000000
3f800000
8000
3f800000
4000
3f800000
0
0
0
0
0
0
0
0
0
0
0
0
0
0
0
0
0
0
0
0
0
0
0
0
0
0
0
0
0
3c23d70a
3dc40000
3f3851eb
85008000
3e855555
55004000
3ea66666
66000000
3f800000
8000
3f800000
4000
3f800000
0
0
0
3d63e583
2c000000
0
0
0
0
0
0
0
0
0
0
0
0
0
0
0
0
0
0
0
0
0
0
0
0
0
0
0
0
0
0
0
0
3c23d70a
3dc40000
3f3851eb
85008000
3e855555
55004000
3ea66666
66000000
3f800000
8000
3f800000
4000
3f800000
0
0
0
0
0
0
0
0
0
0
0
0
0
0
0
0
0
0
0
0
0
0
0
0
0
0
0
0
0
3d63e525
d1000000
4039f766
aa00c000
b294414a
d6010000
3567a607
1ac40000
b39f182d
93004000
b18f2abb
e200c000
3f7ffff7
48010000
345fb2ca
96c40000
3d977bb8
d4004000
b2312207
a900c000
406394f5
f4010000
350a6298
28c40000
b412405b
a7000000
3f7ffff1
6200c000
b20f2a8c
f8010000
34dfb27f
3ac40000
0
0
0
0
0
0
0
0
0
0
0
0
0
0
0
0
0
0
3f3851eb
85008000
3e855555
55004000
3ea66666
66000000
3f800000
8000
3f800000
4000
3f800000
0
0
0
0
0
3d977bd7
11004000
3d63e583
2c000000
0
0
0
0
0
0
0
0
0
0
0
0
0
0
0
0
0
0
0
0
0
0
0
0
0
0
3c23d70a
3dc40000
3f3851eb
85008000
3e855555
55004000
3ea66666
66000000
3f800000
8000
3f800000
4000
3f800000
0
0
0
3d977bd7
11004000
0
0
0
0
0
0
0
0
0
0
0
0
0
0
0
0
0
0
0
0
0
0
0
0
0
0
0
0
2717538f
4a000000
3b20bf93
46008000
b2c701f8
6800c000
3fb1576d
45014000
359b798c
e2c40000
b13b33a8
57000000
b1641b66
f5008000
3ca3d700
ab00c000
3ca3d6fd
7f014000
bf7fffff
86c40000
270be977
33000000
b4323568
84008000
b2abcc84
dd00c000
3f7fffec
3b014000
358637ca
cfc40000
0
0
0
0
0
0
0
0
0
0
0
0
0
0
0
0
0
0
0
0
0
0
0
0
3c23d70a
3dc40000
3f3851eb
85008000
3e855555
55004000
3ea66666
66000000
3f800000
8000
3f800000
4000
3f800000
0
0
0
3d63e583
2c000000
0
0
0
0
0
0
0
0
0
0
0
0
0
0
0
0
0
0
0
0
0
0
0
0
0
0
0
0
0
0
0
0
3c23d70a
3dc40000
3f3851eb
85008000
3e855555
55004000
3ea66666
66000000
3f800000
8000
3f800000
4000
3f800000
0
0
0
0
0
0
0
0
0
0
0
0
0
0
0
0
0
0
0
0
0
0
0
0
0
0
0
0
0
b412405b
a7000000
26a6a6af
26008000
3f7ffff1
6200c000
b20f2a8a
16014000
34dfb27f
1dc40000
b13b33a8
57000000
b1641b66
f5008000
3ca3d700
ab00c000
3ca3d6fd
7f014000
bf7fffff
86c40000
2717538f
4a000000
3b20bf93
46008000
b2c701f8
6800c000
3fb1576d
45014000
359b798c
e2c40000
b13b33a8
57000000
b1641b66
f5008000
3ca3d700
ab00c000
3ca3d6fd
7f014000
bf7fffff
86c40000
0
0
0
0
0
0
0
0
269ff27d
44004000
3b20bf93
46008000
b2c701f9
ea010000
3fb1576d
45014000
359b798c
e7c40000
3d977bb8
d4004000
26bf9a17
fb008000
406394f5
f4010000
b2312206
26014000
350a6298
1ec40000
b39f182d
93004000
3f7ffff7
48010000
b18f2aba
55014000
345fb2ca
80c40000
0
0
0
0
0
0
0
0
0
0
0
0
0
0
0
0
0
0
0
0
0
0
0
0
3d977bb8
d4004000
26bf9a17
fb008000
406394f5
f4010000
b2312206
26014000
350a6298
1ec40000
26949776
2d004000
b4323568
84008000
b2abcc86
77010000
3f7fffec
3b014000
358637ca
d4c40000
b39f182d
93004000
3f7ffff7
48010000
b18f2aba
55014000
345fb2ca
80c40000
b39f182d
93004000
3f7ffff7
48010000
b18f2aba
55014000
345fb2ca
80c40000
0
0
0
0
0
0
0
0
0
0
0
0
0
0
270be977
30000000
26949776
25004000
b4323568
84008000
b2abcc84
d700c000
b2abcc86
6b010000
3f7fffec
3b014000
358637ca
cbc40000
b412405b
a7000000
26a6a6af
21008000
3f7ffff1
6200c000
b20f2a8c
e0010000
b20f2a8a
11014000
34dfb27f
15c40000
3d977bb8
d4004000
26bf9a17
f2008000
b2312207
9200c000
406394f5
f4010000
b2312206
1c014000
350a6298
16c40000
3d63e525
d1000000
27212256
34008000
4039f766
aa00c000
b294414a
c2010000
b2944148
8b014000
3567a606
fbc40000
0
0
0
0
0
0
0
0
0
0
0
0
0
0
3c23d70a
3dc40000
3f3851eb
85008000
3e855555
55004000
3ea66666
66000000
3f800000
8000
3f800000
4000
3f800000
0
0
0
0
0
0
0
0
0
0
0
0
0
0
0
0
0
0
0
0
0
0
0
0
0
0
0
0
0
0
0
0
0
0
0
0
0
0
0
0
0
0
0
0
0
0
0
0
0
0
0
0
0
0
0
0
0
0
0
0
0
