int
2064
2060
2056
2052
2048
2093
2089
2085
2081
2077
2073
2069
3622
3659
3590
3651
3654
3842
3627
3619
3595
3587
6195
2068
2064
2056
2052
3589
2097
2093
2089
2085
2081
2077
2073
3622
2063
3586
3843
3654
3659
2050
3651
3627
3619
7691
2092
2088
2084
2080
2076
2072
2068
2064
2056
2052
3593
3654
2051
2061
3659
3622
3585
3651
3842
3627
3619
3591
6195
2068
2060
2056
2048
3585
2097
2093
2089
2085
2081
2077
2073
2054
3591
3618
3843
3654
3659
2066
3651
3627
3623
7691
2084
2080
2076
2072
2068
2056
3649
3625
3621
3593
3589
2097
2093
2089
2050
2067
2054
2063
3654
3619
3586
3843
7755
2096
2092
2088
2084
2080
2076
2072
2068
2056
2061
3618
3655
3585
2054
3843
3621
2066
3658
2049
3650
3626
3590
7691
2092
2088
2084
2080
2076
2072
2068
2060
2056
2048
3617
3654
2055
2065
3659
3590
3625
3651
3842
3623
3595
3587
6195
2096
2092
2088
2084
2080
2076
2072
2068
2056
3589
2050
3655
3625
3586
3843
2053
2062
3658
3617
3650
3622
3594
6163
3659
3651
3623
2048
3593
3654
3591
3616
2065
2099
3842
2052
2061
2095
2091
3584
3626
2087
2083
2079
2075
2071
6155
2064
2060
2052
2048
3585
2097
2093
2089
2085
2081
2077
2073
3622
3591
2070
3843
2058
3659
3650
3655
3627
3619
7691
2084
2080
2076
2072
2064
2052
3653
3625
3617
3593
3589
2097
2093
2089
2058
2051
2070
3623
3586
2063
3650
3843
7755
2096
2092
2088
2084
2080
2076
2072
2064
2052
3653
2058
3623
2061
3650
3843
3585
2070
3658
2049
3626
3618
3590
7691
2084
2080
2076
2072
2060
2048
3653
3625
3621
3593
3585
2097
2093
2089
2058
2067
3590
2055
2070
3619
3650
3843
7755
3588
2096
2092
2088
2084
2080
2076
2072
2053
3841
3657
3653
3625
3621
3593
2066
3587
2062
2051
3618
2071
2058
7747
3624
3588
2096
2092
2088
2084
2080
2076
2072
3585
3650
3843
3621
2054
3595
2049
3618
2057
2070
3655
2066
3658
6159
2096
2092
2088
2084
2080
2076
2072
2060
2048
3653
2058
3591
2065
3650
3843
3625
2070
3658
2053
3622
3594
3586
7715
3620
3592
2096
2092
2088
2084
2080
2076
2072
3625
3650
3843
2053
2050
2067
3617
2070
2057
3586
3655
2062
3658
7687
0
2071
0
2048
3593
3842
3651
3616
2065
2059
3626
2052
2061
3659
3623
3584
3654
3591
2099
2095
2091
2087
2083
2079
6171
2092
2088
2084
2080
2076
2072
2064
2060
2052
2048
3657
3590
2059
2069
3655
3622
3649
3627
3842
3619
3595
3587
6195
2096
2092
2088
2084
2080
2076
2072
2064
2052
2057
2050
3623
3649
3586
3843
3589
2062
3654
2069
3626
3618
3594
7755
0
0
0
0
2056
2049
3622
3587
3655
3592
3649
3842
3627
3619
2068
2061
3658
3591
2099
2095
2091
2087
2083
2079
2075
2067
6151
2096
2092
2088
2084
2080
2076
2072
2060
2048
2069
2054
3591
3649
2066
3843
2057
3618
3654
3621
3626
3594
3586
7755
3624
3592
2096
2092
2088
2084
2080
2076
2072
3589
2050
3843
3621
3618
3659
2069
2066
2053
3586
2059
2062
3654
7747
2095
2091
2087
2083
2060
2069
3842
2079
2075
3620
3585
3658
2065
0
2056
2053
2050
3617
3653
3592
3625
3589
2097
7746
0
0
0
2067
2056
2069
3590
3655
3623
2052
3649
3842
3595
3616
3587
3625
3658
2099
2095
2091
2087
2083
2079
2075
2063
6147
0
3587
0
2051
2052
3649
3842
2063
3655
2068
3625
3658
3623
3616
3595
2057
3590
2064
2099
2095
2091
2087
2083
2079
6171
0
0
0
0
0
2063
2068
3649
3842
0
3619
0
3584
0
3625
3658
2067
3655
2052
3623
3591
2057
3594
2099
2048
2095
2091
2087
2083
2079
6171
3588
2096
2092
2088
2084
2080
2076
2072
2053
3841
3657
3653
3625
3621
3593
2066
3587
2062
2051
3618
2071
2058
7747
2064
2060
2056
2052
2048
2093
2089
2085
2081
2077
2073
2069
3622
3659
3590
3651
3654
3842
3627
3619
3595
3587
6195
2068
2064
2056
2052
3589
2097
2093
2089
2085
2081
2077
2073
3622
2063
3586
3843
3654
3659
2050
3651
3627
3619
7691
2092
2088
2084
2080
2076
2072
2068
2064
2056
2052
3593
3654
2051
2061
3659
3622
3585
3651
3842
3627
3619
3591
6195
2068
2060
2056
2048
3585
2097
2093
2089
2085
2081
2077
2073
2054
3591
3618
3843
3654
3659
2066
3651
3627
3623
7691
2084
2080
2076
2072
2068
2056
3649
3625
3621
3593
3589
2097
2093
2089
2050
2067
2054
2063
3654
3619
3586
3843
7755
2096
2092
2088
2084
2080
2076
2072
2068
2056
2061
3618
3655
3585
2054
3843
3621
2066
3658
2049
3650
3626
3590
7691
2092
2088
2084
2080
2076
2072
2068
2060
2056
2048
3617
3654
2055
2065
3659
3590
3625
3651
3842
3623
3595
3587
6195
2096
2092
2088
2084
2080
2076
2072
2068
2056
3589
2050
3655
3625
3586
3843
2053
2062
3658
3617
3650
3622
3594
6163
3659
3651
3623
2048
3593
3654
3591
3616
2065
2099
3842
2052
2061
2095
2091
3584
3626
2087
2083
2079
2075
2071
6155
2064
2060
2052
2048
3585
2097
2093
2089
2085
2081
2077
2073
3622
3591
2070
3843
2058
3659
3650
3655
3627
3619
7691
2084
2080
2076
2072
2064
2052
3653
3625
3617
3593
3589
2097
2093
2089
2058
2051
2070
3623
3586
2063
3650
3843
7755
2096
2092
2088
2084
2080
2076
2072
2064
2052
3653
2058
3623
2061
3650
3843
3585
2070
3658
2049
3626
3618
3590
7691
2084
2080
2076
2072
2060
2048
3653
3625
3621
3593
3585
2097
2093
2089
2058
2067
3590
2055
2070
3619
3650
3843
7755
3588
2096
2092
2088
2084
2080
2076
2072
2053
3841
3657
3653
3625
3621
3593
2066
3587
2062
2051
3618
2071
2058
7747
3624
3588
2096
2092
2088
2084
2080
2076
2072
3585
3650
3843
3621
2054
3595
2049
3618
2057
2070
3655
2066
3658
6159
2096
2092
2088
2084
2080
2076
2072
2060
2048
3653
2058
3591
2065
3650
3843
3625
2070
3658
2053
3622
3594
3586
7715
3620
3592
2096
2092
2088
2084
2080
2076
2072
3625
3650
3843
2053
2050
2067
3617
2070
2057
3586
3655
2062
3658
7687
0
2071
0
2048
3593
3842
3651
3616
2065
2059
3626
2052
2061
3659
3623
3584
3654
3591
2099
2095
2091
2087
2083
2079
6171
2092
2088
2084
2080
2076
2072
2064
2060
2052
2048
3657
3590
2059
2069
3655
3622
3649
3627
3842
3619
3595
3587
6195
2096
2092
2088
2084
2080
2076
2072
2064
2052
2057
2050
3623
3649
3586
3843
3589
2062
3654
2069
3626
3618
3594
7755
0
0
0
0
2056
2049
3622
3587
3655
3592
3649
3842
3627
3619
2068
2061
3658
3591
2099
2095
2091
2087
2083
2079
2075
2067
6151
2096
2092
2088
2084
2080
2076
2072
2060
2048
2069
2054
3591
3649
2066
3843
2057
3618
3654
3621
3626
3594
3586
7755
3624
3592
2096
2092
2088
2084
2080
2076
2072
3589
2050
3843
3621
3618
3659
2069
2066
2053
3586
2059
2062
3654
7747
2095
2091
2087
2083
2060
2069
3842
2079
2075
3620
3585
3658
2065
0
2056
2053
2050
3617
3653
3592
3625
3589
2097
7746
0
0
0
2067
2056
2069
3590
3655
3623
2052
3649
3842
3595
3616
3587
3625
3658
2099
2095
2091
2087
2083
2079
2075
2063
6147
0
3587
0
2051
2052
3649
3842
2063
3655
2068
3625
3658
3623
3616
3595
2057
3590
2064
2099
2095
2091
2087
2083
2079
6171
0
0
0
0
0
2063
2068
3649
3842
0
3619
0
3584
0
3625
3658
2067
3655
2052
3623
3591
2057
3594
2099
2048
2095
2091
2087
2083
2079
6171
3588
2096
2092
2088
2084
2080
2076
2072
2053
3841
3657
3653
3625
3621
3593
2066
3587
2062
2051
3618
2071
2058
7747
0
0
0
0
0
0
0
0
0
0
0
0
0
0
0
0
0
0
0
0
0
0
0
0
0
0
0
0
0
0
0
0
0
0
0
0
0
0
0
0
0
0
0
0
0
0
0
0
0
0
0
0
0
0
0
0
0
0
0
0
0
0
0
0
0
0
0
0
0
0
0
0
0
0
0
0
0
0
0
0
0
0
0
0
0
0
0
0
0
0
0
0
0
0
0
0
0
0
0
0
0
0
0
0
0
0
0
0
0
0
0
0
0
0
0
0
0
0
0
0
0
0
0
0
0
0
0
0
0
0
0
0
0
0
0
0
0
0
0
0
0
0
0
0
0
0
0
0
0
0
0
0
0
0
0
0
0
0
0
0
0
0
0
0
0
0
0
0
0
0
0
0
0
0
0
0
0
0
0
0
0
0
0
0
0
0
0
0
0
0
0
0
0
0
0
0
0
0
0
0
0
0
0
0
0
0
0
0
0
0
0
0
0
0
0
0
0
0
0
0
0
0
0
0
0
0
0
0
0
0
0
0
0
0
0
0
0
0
0
0
0
0
0
0
0
0
0
0
0
0
0
0
0
0
0
0
0
0
0
0
0
0
0
0
0
0
0
0
0
0
0
0
0
0
0
0
0
0
0
0
0
0
0
0
0
0
0
0
0
0
0
0
0
0
0
0
0
0
0
0
0
0
0
0
0
0
0
0
0
0
0
0
0
0
0
0
0
0
0
0
0
0
0
0
0
0
0
0
0
0
0
0
0
0
0
0
0
0
0
0
0
0
0
0
0
0
0
0
0
0
0
0
0
0
0
0
0
0
0
0
0
0
0
0
0
0
0
0
0
0
0
0
0
0
0
0
0
0
0
0
0
0
0
0
0
0
0
0
0
0
0
0
0
0
0
0
0
0
0
0
0
0
0
0
0
0
0
0
0
0
0
0
0
0
0
0
0
0
0
0
0
0
0
0
0
0
0
0
0
0
0
0
0
0
0
0
0
0
0
0
0
0
0
0
0
0
0
0
0
0
0
0
0
0
0
0
0
0
0
0
0
0
0
0
0
0
0
0
0
0
0
0
0
0
0
0
0
0
0
0
0
0
0
0
0
0
0
0
0
0
0
0
0
0
0
0
0
0
0
0
0
0
0
0
0
0
0
0
0
0
0
0
0
0
0
0
0
0
0
0
0
0
0
0
0
0
0
0
0
0
0
0
0
0
0
0
0
0
0
0
0
0
0
0
0
0
0
0
0
0
0
0
0
0
0
0
0
0
0
0
0
0
0
0
0
0
0
0
0
0
0
0
0
0
0
0
0
0
0
0
0
0
0
0
0
0
0
0
0
0
0
0
0
0
0
0
0
0
0
0
0
0
0
0
0
0
0
0
0
0
0
0
0
0
0
0
0
0
0
0
0
0
0
0
0
0
0
0
0
0
0
0
0
0
0
0
0
0
0
0
0
0
0
0
0
0
0
0
0
0
0
0
0
0
0
0
0
0
0
0
0
0
0
0
0
0
0
0
0
0
0
0
0
0
0
0
0
0
0
0
0
0
0
0
0
0
0
0
0
0
0
0
0
0
0
0
0
0
0
0
0
0
0
0
0
0
0
0
0
0
0
0
0
0
0
0
0
0
0
0
0
0
0
0
0
0
0
0
0
0
0
0
0
0
0
0
0
0
0
0
0
0
0
0
0
0
0
0
0
0
0
0
0
0
0
0
0
0
0
0
0
0
0
0
0
0
0
0
0
0
0
0
0
0
0
0
0
0
0
0
0
0
0
0
0
0
0
0
0
0
0
0
0
0
0
0
0
0
0
0
0
0
0
0
0
0
0
0
0
0
0
0
0
0
0
0
0
0
0
0
0
0
0
0
0
0
0
0
0
0
0
0
0
0
0
0
0
0
0
0
0
0
0
0
0
0
0
0
0
0
0
0
0
0
0
0
0
0
0
0
0
0
0
0
0
0
0
0
0
0
0
0
0
0
0
0
0
0
0
0
0
0
0
0
0
0
0
0
0
0
0
0
0
0
0
0
0
0
0
0
0
0
0
0
0
0
0
0
0
0
0
0
0
0
0
0
0
0
0
0
0
0
0
0
0
0
0
0
0
0
0
0
0
0
0
0
0
0
0
0
0
0
0
0
0
0
0
0
0
0
0
0
0
0
0
0
0
0
0
0
0
0
0
0
0
0
0
0
0
0
0
0
0
0
0
0
0
0
0
0
0
0
0
0
0
0
0
0
0
0
0
0
0
0
0
0
0
0
0
0
0
0
0
0
0
0
0
0
0
0
0
0
0
0
0
0
0
0
0
0
0
0
0
0
0
0
0
0
0
0
0
0
0
0
0
0
0
0
0
0
0
0
0
0
0
0
0
0
0
0
0
0
0
0
0
0
0
0
0
0
0
0
0
0
0
0
0
0
0
0
0
0
0
0
0
0
0
0
0
0
0
0
0
0
0
0
0
0
0
0
0
0
0
0
0
0
0
0
0
0
0
0
0
0
0
0
0
0
0
0
0
0
0
0
0
0
0
0
0
0
0
0
0
0
0
0
0
0
0
0
0
0
0
0
0
0
0
0
0
0
0
0
0
0
0
0
0
0
0
0
0
0
0
0
0
0
0
0
0
0
0
0
0
0
0
0
0
0
0
0
0
0
0
0
0
0
0
0
0
0
0
0
0
0
0
0
0
0
0
0
0
0
0
0
0
0
0
0
0
0
0
0
0
0
0
0
0
0
0
0
0
0
0
0
0
0
0
0
0
0
0
0
0
0
0
0
0
0
0
0
0
0
0
0
0
0
0
0
0
0
0
0
0
0
0
0
0
0
0
0
0
0
0
0
0
0
0
0
0
0
0
0
0
0
0
0
0
0
0
0
0
0
0
0
0
0
0
0
0
0
0
0
0
0
0
0
0
0
0
0
0
0
0
0
0
0
0
0
0
0
0
0
0
0
0
0
0
0
0
0
0
0
0
0
0
0
0
0
0
0
0
0
0
0
0
0
0
0
0
0
0
0
0
0
0
0
0
0
0
0
0
0
0
0
0
0
0
0
0
0
0
0
0
0
0
0
0
0
0
0
0
0
0
0
0
0
0
0
0
0
0
0
0
0
0
0
0
0
0
0
0
0
0
0
0
0
0
0
0
0
0
0
0
0
0
0
0
0
0
0
0
0
0
0
0
0
0
0
0
0
0
0
0
0
0
0
0
0
0
0
0
0
0
0
0
0
0
0
0
0
0
0
0
0
0
0
0
0
0
0
0
0
0
0
0
0
0
0
0
0
0
0
0
0
0
0
0
0
0
0
0
0
0
0
0
0
0
0
0
0
0
0
0
0
0
0
0
0
0
0
0
0
0
0
0
0
0
0
0
0
0
0
0
0
0
0
0
0
0
0
0
0
0
0
0
0
0
0
0
0
0
0
0
0
0
0
0
0
0
0
0
0
0
0
0
0
0
0
0
0
0
0
0
0
0
0
0
0
0
0
0
0
0
0
0
0
0
0
0
0
0
0
0
0
0
0
0
0
0
0
0
0
0
0
0
0
0
0
0
0
0
0
0
0
0
0
0
0
0
0
0
0
0
0
0
0
0
0
0
0
0
0
0
0
0
0
0
0
0
0
0
0
0
0
0
0
0
0
0
0
0
0
0
0
0
0
0
0
0
0
0
0
0
0
0
0
0
0
0
0
0
0
0
0
0
0
0
0
0
0
0
0
0
0
0
0
0
0
0
0
0
0
0
0
0
0
0
0
0
0
0
0
0
0
0
0
0
0
0
0
0
0
0
0
0
0
0
0
0
0
0
0
0
0
0
0
0
0
0
0
0
0
0
0
0
0
0
0
0
0
0
0
0
0
0
0
0
0
0
0
0
0
0
0
0
0
0
0
0
0
0
0
0
0
0
0
0
0
0
0
0
0
0
0
0
0
0
0
0
0
0
0
0
0
0
0
0
0
0
0
0
0
0
0
0
0
0
0
0
0
0
0
0
0
0
0
0
0
0
0
0
0
0
0
0
0
0
0
0
0
0
0
0
0
0
0
0
0
0
0
0
0
0
0
0
0
0
0
0
0
0
0
0
0
0
0
0
0
0
0
0
0
0
0
0
0
0
0
0
0
0
0
0
0
0
0
0
0
0
0
0
0
0
0
0
0
0
0
0
0
0
0
0
0
0
0
0
0
0
0
0
0
0
0
0
0
0
0
0
0
0
0
0
0
0
0
0
0
0
0
0
0
0
0
0
0
0
0
0
0
0
0
0
0
0
0
0
0
0
0
0
0
0
0
0
0
0
0
0
0
0
0
0
0
0
0
0
0
0
0
0
0
0
0
0
0
0
0
0
0
0
0
0
0
0
0
0
0
0
0
0
0
0
0
0
0
0
0
0
0
0
0
0
0
0
0
0
0
0
0
0
0
0
0
0
0
0
0
0
0
0
0
0
0
0
0
0
0
0
0
0
0
0
0
0
0
0
0
0
0
0
0
0
0
0
0
0
0
0
0
0
0
0
0
0
0
0
0
0
0
0
0
0
0
0
0
0
0
0
0
0
0
0
0
0
0
0
0
0
0
0
0
0
0
0
0
0
0
0
0
0
0
0
0
0
0
0
0
0
0
0
0
0
0
0
0
0
0
0
0
0
0
0
0
0
0
0
0
0
0
0
0
0
0
0
0
0
0
0
0
0
0
0
0
0
0
0
0
0
0
0
0
0
0
0
0
0
0
0
0
0
0
0
0
0
0
0
0
0
0
0
0
0
0
0
0
0
0
0
0
0
0
0
0
0
0
0
0
0
0
0
0
0
0
0
0
0
0
0
0
0
0
0
0
0
0
0
0
0
0
0
0
0
0
0
0
0
0
0
0
0
0
0
0
0
0
0
0
0
0
0
0
0
0
0
0
0
0
0
0
0
0
0
0
0
0
0
0
0
0
0
0
0
0
0
0
0
0
0
0
0
0
0
0
0
0
0
0
0
0
0
0
0
0
0
0
0
0
0
0
0
0
0
0
0
0
0
0
0
0
0
0
0
0
0
0
0
0
0
0
0
0
0
0
0
0
0
0
0
0
0
0
0
0
0
0
0
0
0
0
0
0
0
0
0
0
0
0
0
0
0
0
0
0
0
0
0
0
0
0
0
0
0
0
0
0
0
0
0
0
0
0
0
0
0
0
0
0
0
0
0
0
0
0
0
0
0
0
0
0
0
0
0
0
0
0
0
0
0
0
0
0
0
0
0
0
0
0
0
0
0
0
0
0
0
0
0
0
0
0
0
0
0
0
0
0
0
0
0
0
0
0
0
0
0
0
0
0
0
0
0
0
0
0
0
0
0
0
0
0
0
0
0
0
0
0
0
0
0
0
0
0
0
0
0
0
0
0
0
0
0
0
0
0
0
0
0
0
0
0
0
0
0
0
0
0
0
0
0
0
0
0
0
0
0
0
0
0
0
0
0
0
0
0
0
0
0
0
0
0
0
0
0
0
0
0
0
0
0
0
0
0
0
0
0
0
0
0
0
0
0
0
0
0
0
0
0
0
0
0
0
0
0
0
0
0
0
0
0
0
0
0
0
0
0
0
0
0
0
0
0
0
0
0
0
0
0
0
0
0
0
0
0
0
0
0
0
0
0
0
0
0
0
0
0
0
0
0
0
0
0
0
0
0
0
0
0
0
0
0
0
0
0
0
0
0
0
0
0
0
0
0
0
0
0
0
0
0
0
0
0
0
0
0
0
0
0
0
0
0
0
0
0
0
0
0
0
0
0
0
0
0
0
0
0
0
0
0
0
0
0
0
0
0
0
0
0
0
0
0
0
0
0
0
0
0
0
0
0
0
0
0
0
0
0
0
0
0
0
0
0
0
0
0
0
0
0
0
0
0
0
0
0
0
0
0
0
0
0
0
0
0
0
0
0
0
0
0
0
0
0
0
0
0
0
0
0
0
0
0
0
0
0
0
0
0
0
0
0
0
0
0
0
0
0
0
0
0
0
0
0
0
0
0
0
0
0
0
0
0
0
0
0
0
0
0
0
0
0
0
0
0
0
0
0
0
0
0
0
0
0
0
0
0
0
0
0
0
0
0
0
0
0
0
0
0
0
0
0
0
0
0
0
0
0
0
0
0
0
0
0
0
0
0
0
0
0
0
0
0
0
0
0
0
0
0
0
0
0
0
0
0
0
0
0
0
0
0
0
0
0
0
0
0
0
0
0
0
0
0
0
0
0
0
0
0
0
0
0
0
0
0
0
0
0
0
0
0
