hex
0
0
0
4000
0
8000
0
c000
0
10000
0
0
3f800000
a00000
3f800000
a40000
3f800000
4000
0
0
0
0
0
0
0
0
0
0
0
0
0
0
0
0
0
0
0
0
0
4000
0
8000
0
c000
38d1b717
59a00000
0
0
3f800000
8000
0
0
3f800000
a00000
3f800000
a40000
0
0
0
0
0
0
0
0
0
0
0
0
0
0
0
0
0
0
0
4000
0
8000
0
c000
0
10000
0
14000
0
0
0
0
0
0
0
0
3f800000
a00000
0
0
0
0
0
0
0
0
0
0
0
0
0
0
0
0
0
4000
0
8000
0
c000
0
10000
0
0
0
0
0
0
0
0
0
0
3f800000
a00000
0
0
0
0
0
0
0
0
0
0
0
0
0
0
0
0
3f7f3645
f004000
0
8000
0
c000
0
10000
0
14000
3b49baf1
11a40000
407efae6
81004000
c07efae6
81a40000
bf800000
a00000
0
0
0
0
0
0
0
0
0
0
0
0
0
0
0
0
0
0
bb5bef22
76004000
3f7fffb1
d1008000
0
c000
0
10000
b6adaaa7
9da40000
bb5bef22
76004000
3f7fffb1
d1008000
b6adaaa7
9da40000
b22bcc77
12000000
3f800000
b24000
c07efae6
81004000
407efae6
81a40000
0
0
0
0
0
0
0
0
0
0
0
0
3f7fffff
eb008000
3b5c4616
44a00000
3f7f3645
f004000
3b49baf1
11a40000
3f7efae6
81004000
3b828cbf
bfa40000
407efae6
81004000
c07efae6
81a40000
0
0
0
0
0
0
0
0
0
0
0
0
0
0
0
0
0
0
0
0
3f800000
0
bc9dab03
75004000
0
8000
3c096a1b
cba00000
3ce2600c
3aa40000
447a0000
4000
3f800000
8000
447a0001
a3a00000
3eeb6f32
ee004000
bf09bbe9
fca00000
3b0c780e
1da40000
0
0
0
0
0
0
0
0
0
0
0
0
0
0
0
0
0
4000
0
8000
0
c000
0
10000
38d1b717
59a00000
0
0
0
0
3c59ba42
57a40000
3f800000
a00000
0
0
0
0
0
0
0
0
0
0
0
0
0
0
0
0
0
0
0
4000
0
8000
0
c000
0
10000
3c59ba42
57a40000
0
0
38d1b717
59a00000
0
0
3f800000
8000
3c59ba42
57a40000
0
0
0
0
0
0
0
0
0
0
0
0
0
0
0
0
0
4000
0
8000
0
c000
0
10000
0
14000
0
18000
0
0
3c59ba42
57a40000
0
0
0
0
0
0
0
0
0
0
0
0
0
0
0
0
0
0
0
0
0
4000
3f7fffff
eb008000
0
c000
0
10000
0
14000
0
18000
3b5c4616
44a00000
0
0
0
0
0
0
3c59ba42
57a40000
0
0
0
0
0
0
0
0
0
0
0
0
0
0
0
0
0
4000
0
0
38d1b717
59a00000
0
0
0
4000
0
8000
3f800000
a00000
3f800000
4000
0
0
0
0
0
0
0
0
0
0
0
0
0
0
0
0
3f800000
0
bce24bb2
43004000
b7336798
87008000
0
c000
0
10000
0
14000
3ce24cca
fca40000
bf7f354b
cb004000
bae856d8
4c008000
bf800000
a00000
bb49b9e1
eaa40000
3f7f3584
19004000
3a4a8923
79008000
3b49b9f8
24a40000
0
0
0
0
0
0
0
0
bf7f3599
de004000
bf800000
a00000
bb49b9fd
e0a40000
3f800000
0
bce24bb8
b1004000
0
8000
3ce24cca
faa40000
3f7f3599
de004000
3b49b9fd
e0a40000
0
0
0
0
0
0
0
0
0
0
0
0
0
0
0
0
0
0
0
0
3f800000
0
bc9daa4c
6b004000
0
8000
0
c000
3c096988
d7a00000
3ce2600d
8ca40000
447a0000
4000
3f800000
8000
447a0001
a3a00000
3eeb6e95
2004000
bf09bbc1
b4a00000
3b0c776a
c2a40000
0
0
0
0
0
0
0
0
0
0
0
0
0
0
0
4000
0
8000
0
c000
0
10000
0
0
3f800000
a00000
3f800000
a40000
3f800000
4000
0
0
0
0
0
0
0
0
0
0
0
0
0
0
0
0
0
0
0
0
0
4000
0
8000
0
c000
38d1b717
59a00000
0
0
3f800000
8000
0
0
3f800000
a00000
3f800000
a40000
0
0
0
0
0
0
0
0
0
0
0
0
0
0
0
0
0
0
0
4000
0
8000
0
c000
0
10000
0
14000
0
0
0
0
0
0
0
0
3f800000
a00000
0
0
0
0
0
0
0
0
0
0
0
0
0
0
0
0
0
4000
0
8000
0
c000
0
10000
3bda73ae
36004000
0
0
0
0
0
0
0
0
3f800000
a00000
0
0
0
0
0
0
0
0
0
0
0
0
0
0
0
0
0
0
0
4000
0
0
38d1b717
59a00000
0
0
0
4000
0
8000
3f800000
a00000
3f800000
4000
0
0
0
0
0
0
0
0
0
0
0
0
0
0
0
0
3f800000
0
bce24c3a
ab004000
b73367fa
a5008000
0
c000
0
10000
0
14000
3ce24cca
3fa40000
bf7f35a1
63004000
bae856e9
45008000
bf800000
a00000
bb49ba5b
82a40000
3f7f35d9
b1004000
3a4a8945
6b008000
3b49ba71
bda40000
0
0
0
0
0
0
0
0
bf7f35ef
76004000
bf800000
a00000
bb49ba77
78a40000
3f800000
0
bce24c41
19004000
0
8000
3ce24cca
3ea40000
3f7f35ef
76004000
3b49ba77
78a40000
0
0
0
0
0
0
0
0
0
0
0
0
0
0
0
0
0
0
0
0
3f800000
0
bc9daaa7
f0004000
0
8000
0
c000
3c0969d2
51a00000
3ce2600c
e3a40000
447a0000
4000
3f800000
8000
447a0001
a3a00000
3eeb6ee3
f8004000
bf09bbd5
d8a00000
3b0c77bc
6fa40000
0
0
0
0
0
0
0
0
0
0
0
0
0
0
0
4000
0
8000
0
c000
0
10000
38d1b717
59a00000
0
0
0
0
3c59ba42
57a40000
3f800000
a00000
0
0
0
0
0
0
0
0
0
0
0
0
0
0
0
0
0
0
3bda73ae
36004000
0
8000
0
c000
0
10000
3c59ba42
57a40000
0
0
38d1b717
59a00000
0
0
3f800000
8000
3c59ba42
57a40000
0
0
0
0
0
0
0
0
0
0
0
0
0
0
0
0
0
4000
0
8000
0
c000
0
10000
0
14000
0
18000
3bda73ae
36004000
3c59ba42
57a40000
0
0
0
0
0
0
0
0
0
0
0
0
0
0
0
0
0
0
0
0
0
4000
3f7fffff
eb008000
0
c000
0
10000
0
14000
0
18000
3b5c4616
44a00000
0
0
0
0
3bda73ae
36004000
3c59ba42
57a40000
0
0
0
0
0
0
0
0
0
0
0
0
bf800000
a00000
0
0
0
4000
0
0
38d1b717
59a00000
0
0
0
4000
0
0
3f800000
a00000
3f800000
4000
0
0
0
0
0
0
0
0
0
0
0
0
0
0
0
0
3f800000
0
bce24b29
dc004000
b7336736
69008000
0
c000
0
10000
0
14000
0
18000
3ce24ccb
b8a40000
bf7f34f6
33004000
bae856c7
53008000
bf800000
a00000
bb49b968
52a40000
3f7f352e
81004000
3a4a8901
87008000
3b49b97e
8da40000
0
0
0
0
0
0
0
0
bf7f3544
47004000
bf800000
a00000
bb49b984
48a40000
3f800000
0
bce24b30
4a004000
0
8000
3ce24ccb
b7a40000
3f7ef999
a2004000
3b828c15
51a40000
3f7fffff
eb008000
3b5c4616
44a00000
0
0
0
0
0
0
0
0
0
0
0
0
0
0
3f800000
0
bc9da9f0
e7004000
0
8000
0
c000
0
10000
3c09693f
5ea00000
3ce2600e
35a40000
447a0000
4000
3f800000
8000
447a0001
a3a00000
3eeb6e46
c004000
bf09bbad
90a00000
3b0c7719
15a40000
0
0
0
0
0
0
0
0
0
0
0
0
0
0
0
0
0
0
0
0
0
0
0
0
0
0
0
0
0
0
0
0
0
0
0
0
0
0
0
0
0
0
