hex
3f800000
a40000
0
0
3f7fffff
eb004000
3f800000
0
0
0
0
0
0
0
0
0
0
0
0
0
0
0
0
0
0
0
0
0
0
0
0
0
0
0
0
0
3f800000
4000
3f800000
a40000
3f800000
0
0
0
0
0
0
0
0
0
0
0
0
0
0
0
0
0
0
0
0
0
0
0
0
0
0
0
0
0
0
0
3f800000
a40000
3f800000
4000
3f800000
a40000
3f7fffff
eb004000
3f800000
0
0
0
0
0
0
0
0
0
0
0
0
0
0
0
0
0
0
0
0
0
0
0
0
0
0
0
3f800000
a40000
3f800000
4000
3f800000
a40000
3f800000
0
0
0
0
0
0
0
0
0
0
0
0
0
0
0
0
0
0
0
0
0
0
0
0
0
0
0
0
0
0
0
38d1b717
59a00000
0
0
3f800000
a00000
3f800000
4000
0
0
0
0
0
0
0
0
0
0
0
0
0
0
0
0
0
0
0
0
0
0
0
0
0
0
0
0
38d1b717
59a00000
3f800000
8000
3f800000
a00000
3f800000
4000
0
0
0
0
0
0
0
0
0
0
0
0
0
0
0
0
0
0
0
0
0
0
0
0
0
0
3f800000
8000
38d1b717
59a00000
407efae6
81004000
c07efae6
81a40000
b22bcc77
12000000
3f800000
b24000
c07efae6
81004000
407efae6
81a40000
0
0
0
0
0
0
0
0
0
0
0
0
0
0
0
0
0
0
0
0
0
0
0
0
0
0
3f800000
a00000
3f800000
4000
0
0
0
0
0
0
0
0
0
0
0
0
0
0
0
0
0
0
0
0
0
0
0
0
0
0
0
0
3f7f2645
bea40000
3f800000
4000
3f7f2645
bea40000
0
0
3f7fffff
eb004000
0
0
0
0
0
0
0
0
0
0
0
0
0
0
0
0
0
0
0
0
0
0
0
0
0
0
3f800000
a00000
3f7f2645
bea40000
3f800000
4000
3f7f2645
bea40000
0
0
0
0
0
0
0
0
0
0
0
0
0
0
0
0
0
0
0
0
0
0
0
0
0
0
0
0
3c59ba42
57a40000
3f800000
a00000
3f7f2645
bea40000
3f800000
4000
3f7f2645
bea40000
3f7fffff
eb004000
0
0
0
0
0
0
0
0
0
0
0
0
0
0
0
0
0
0
0
0
0
0
0
0
0
0
0
0
3c59ba42
57a40000
3f800000
a00000
3f7f2645
bea40000
3f800000
4000
3f7f2645
bea40000
0
0
0
0
0
0
0
0
0
0
0
0
0
0
0
0
0
0
0
0
0
0
3f7f3599
de004000
3b49b9fd
e0a40000
407fd39d
19004000
c07efa08
96a40000
3f7efa08
96004000
3b828c4e
20a40000
bf800000
a00000
0
0
0
0
0
0
0
0
0
0
0
0
0
0
0
0
0
0
0
0
0
0
0
0
0
0
38d1b717
59a00000
3f800000
8000
3f800000
a00000
3f800000
4000
0
0
0
0
0
0
0
0
0
0
0
0
0
0
0
0
0
0
0
0
0
0
0
0
3f800000
8000
38d1b717
59a00000
407fd39d
19004000
c07efa08
96a40000
b22bcc77
12000000
3f800000
b24000
c07efa08
96004000
407efae7
64a40000
0
0
0
0
0
0
0
0
0
0
0
0
0
0
0
0
0
0
0
0
0
0
0
0
0
0
0
0
3f800000
a00000
3f800000
4000
0
0
0
0
0
0
0
0
0
0
0
0
0
0
0
0
0
0
0
0
0
0
0
0
0
0
3f800000
a40000
0
0
3f7fffa9
74004000
3f800000
0
0
0
0
0
0
0
0
0
0
0
0
0
0
0
0
0
0
0
0
0
0
0
0
0
0
0
0
0
3f800000
4000
3f800000
a40000
3f800000
0
0
0
0
0
0
0
0
0
0
0
0
0
0
0
0
0
0
0
0
0
0
0
0
0
0
0
0
0
0
0
3f800000
a40000
3f800000
4000
3f800000
a40000
3f7fffa9
74004000
3f800000
0
0
0
0
0
0
0
0
0
0
0
0
0
0
0
0
0
0
0
0
0
0
0
0
0
0
0
3f800000
a40000
3f800000
4000
3f800000
a40000
3f800000
0
0
0
0
0
0
0
0
0
0
0
0
0
0
0
0
0
0
0
0
0
0
0
0
0
0
0
0
0
3f7f35ef
76004000
3b49ba77
78a40000
407efa77
8b004000
c07efae6
f2a40000
3f7efa77
8b004000
3b828c86
efa40000
bf800000
a00000
0
0
0
0
0
0
0
0
0
0
0
0
0
0
0
0
0
0
0
0
0
0
0
0
0
0
38d1b717
59a00000
3f800000
8000
3f800000
a00000
3f800000
4000
0
0
0
0
0
0
0
0
0
0
0
0
0
0
0
0
0
0
0
0
0
0
0
0
3f800000
8000
38d1b717
59a00000
407efa77
8b004000
c07efae6
f2a40000
b22bcc77
12000000
3f800000
b24000
c07efa77
8b004000
407efae6
f2a40000
0
0
0
0
0
0
0
0
0
0
0
0
0
0
0
0
0
0
0
0
0
0
0
0
0
0
0
0
3f800000
a00000
3f800000
4000
0
0
0
0
0
0
0
0
0
0
0
0
0
0
0
0
0
0
0
0
0
0
0
0
0
0
3f7f2645
bea40000
3f800000
4000
3f7f2645
bea40000
0
0
3f7fffa9
74004000
0
0
0
0
0
0
0
0
0
0
0
0
0
0
0
0
0
0
0
0
0
0
0
0
0
0
3f800000
a00000
3f7f2645
bea40000
3f800000
4000
3f7f2645
bea40000
0
0
0
0
0
0
0
0
0
0
0
0
0
0
0
0
0
0
0
0
0
0
0
0
0
0
0
0
3c59ba42
57a40000
3f800000
a00000
3f7f2645
bea40000
3f800000
4000
3f7f2645
bea40000
3f7fffa9
74004000
0
0
0
0
0
0
0
0
0
0
0
0
0
0
0
0
0
0
0
0
0
0
0
0
0
0
0
0
3c59ba42
57a40000
3f800000
a00000
3f7f2645
bea40000
3f800000
4000
3f7f2645
bea40000
0
0
0
0
0
0
0
0
0
0
0
0
0
0
0
0
0
0
0
0
0
0
3f7f3544
47004000
3b49b984
48a40000
407fd32d
c5004000
c07efa09
8a40000
3f7ef999
a2004000
3b828c15
51a40000
c07ef999
a2004000
407efae7
d5a40000
0
0
0
0
0
0
0
0
0
0
0
0
0
0
0
0
0
0
0
0
c07ef999
a2004000
407efae7
d5a40000
0
0
38d1b717
59a00000
3f800000
8000
3f800000
a00000
3f800000
4000
0
0
0
0
0
0
0
0
0
0
0
0
0
0
0
0
0
0
0
0
0
0
0
0
b22bcc77
12000000
3f800000
b24000
c07ef999
a2004000
407efae7
d5a40000
3f7fffff
eb008000
3b5c4616
44a00000
3f7ef999
a2004000
3b828c15
51a40000
3f7f3544
47004000
3b49b984
48a40000
0
0
0
0
0
0
0
0
0
0
0
0
0
0
0
0
3f7ef999
a2004000
3b828c15
51a40000
0
0
0
0
3f800000
a00000
3f800000
4000
0
0
0
0
0
0
0
0
0
0
0
0
0
0
0
0
0
0
0
0
0
0
0
0
0
0
0
0
0
0
0
0
0
0
0
0
0
0
0
0
0
0
0
0
0
0
0
0
0
0
0
0
0
0
0
0
